 1.6000000000000001  0.9000000000000001
 1.6000000000000001  2.2999999999999998
 0.2000000000000002  0.2000000000000002
 0.2000000000000002  3.0000000000000000
 3.0000000000000000  0.2000000000000002
 3.0000000000000000  3.0000000000000000
 0.9000000000000001  1.6000000000000001
 1.6000000000000001  0.9000000000000001
 1.6000000000000001  2.2999999999999998
 0.2000000000000002  0.2000000000000002
 0.2000000000000002  3.0000000000000000
 3.0000000000000000  0.2000000000000002
 3.0000000000000000  3.0000000000000000
 0.9000000000000001  1.6000000000000001
 1.6000000000000001  0.9000000000000001
 1.6000000000000001  2.2999999999999998
 0.2000000000000002  0.2000000000000002
 0.2000000000000002  3.0000000000000000
 3.0000000000000000  0.2000000000000002
 3.0000000000000000  3.0000000000000000
 0.9000000000000001  1.6000000000000001
 1.6000000000000001  0.9000000000000001
 1.6000000000000001  2.2999999999999998
 0.2000000000000002  0.2000000000000002
 0.2000000000000002  3.0000000000000000
 3.0000000000000000  0.2000000000000002
 3.0000000000000000  3.0000000000000000
 0.9000000000000001  1.6000000000000001
 1.6000000000000001  0.9000000000000001
 1.6000000000000001  2.2999999999999998
 0.2000000000000002  0.2000000000000002
 0.2000000000000002  3.0000000000000000
 3.0000000000000000  0.2000000000000002
 3.0000000000000000  3.0000000000000000
 0.9000000000000001  1.6000000000000001
 1.6000000000000001  0.9000000000000001
 1.6000000000000001  2.2999999999999998
 0.2000000000000002  0.2000000000000002
 0.2000000000000002  3.0000000000000000
 3.0000000000000000  0.2000000000000002
 3.0000000000000000  3.0000000000000000
 0.9000000000000001  1.6000000000000001
 1.6000000000000001  0.9000000000000001
 1.6000000000000001  2.2999999999999998
 0.2000000000000002  0.2000000000000002
 0.2000000000000002  3.0000000000000000
 3.0000000000000000  0.2000000000000002
 3.0000000000000000  3.0000000000000000
 0.9000000000000001  1.6000000000000001
 1.6000000000000001  0.9000000000000001
 1.6000000000000001  2.2999999999999998
 0.2000000000000002  0.2000000000000002
 0.2000000000000002  3.0000000000000000
 3.0000000000000000  0.2000000000000002
 3.0000000000000000  3.0000000000000000
 0.9000000000000001  1.6000000000000001
 1.6000000000000001  0.9000000000000001
 1.6000000000000001  2.2999999999999998
 0.2000000000000002  0.2000000000000002
 0.2000000000000002  3.0000000000000000
 3.0000000000000000  0.2000000000000002
 3.0000000000000000  3.0000000000000000
 0.9000000000000001  1.6000000000000001
 1.6000000000000001  0.9000000000000001
 1.6000000000000001  2.2999999999999998
 0.2000000000000002  0.2000000000000002
 0.2000000000000002  3.0000000000000000
 3.0000000000000000  0.2000000000000002
 3.0000000000000000  3.0000000000000000
 0.9000000000000001  1.6000000000000001
 1.6000000000000001  0.9000000000000001
 1.6000000000000001  2.2999999999999998
 0.2000000000000002  0.2000000000000002
 0.2000000000000002  3.0000000000000000
 3.0000000000000000  0.2000000000000002
 3.0000000000000000  3.0000000000000000
 0.9000000000000001  1.6000000000000001
 1.6000000000000001  0.9000000000000001
 1.6000000000000001  2.2999999999999998
 0.2000000000000002  0.2000000000000002
 0.2000000000000002  3.0000000000000000
 3.0000000000000000  0.2000000000000002
 3.0000000000000000  3.0000000000000000
 0.9000000000000001  1.6000000000000001
 1.6000000000000001  0.9000000000000001
 1.6000000000000001  2.2999999999999998
 0.2000000000000002  0.2000000000000002
 0.2000000000000002  3.0000000000000000
 3.0000000000000000  0.2000000000000002
 3.0000000000000000  3.0000000000000000
 0.9000000000000001  1.6000000000000001
 1.6000000000000001  0.9000000000000001
 1.6000000000000001  2.2999999999999998
 0.2000000000000002  0.2000000000000002
 0.2000000000000002  3.0000000000000000
 3.0000000000000000  0.2000000000000002
 3.0000000000000000  3.0000000000000000
 0.9000000000000001  1.6000000000000001
 1.6000000000000001  0.9000000000000001
 1.6000000000000001  2.2999999999999998
 0.2000000000000002  0.2000000000000002
 0.2000000000000002  3.0000000000000000
 3.0000000000000000  0.2000000000000002
 3.0000000000000000  3.0000000000000000
 0.9000000000000001  1.6000000000000001
 1.6000000000000001  0.9000000000000001
 1.6000000000000001  2.2999999999999998
 0.2000000000000002  0.2000000000000002
 0.2000000000000002  3.0000000000000000
 3.0000000000000000  0.2000000000000002
 3.0000000000000000  3.0000000000000000
 0.9000000000000001  1.6000000000000001
 1.6000000000000001  0.9000000000000001
 1.6000000000000001  2.2999999999999998
 0.2000000000000002  0.2000000000000002
 0.2000000000000002  3.0000000000000000
 3.0000000000000000  0.2000000000000002
 3.0000000000000000  3.0000000000000000
 0.9000000000000001  1.6000000000000001
 1.6000000000000001  0.9000000000000001
 1.6000000000000001  2.2999999999999998
 0.2000000000000002  0.2000000000000002
 0.2000000000000002  3.0000000000000000
 3.0000000000000000  0.2000000000000002
 3.0000000000000000  3.0000000000000000
 0.9000000000000001  1.6000000000000001
 1.6000000000000001  0.9000000000000001
 1.6000000000000001  2.2999999999999998
 0.2000000000000002  0.2000000000000002
 0.2000000000000002  3.0000000000000000
 3.0000000000000000  0.2000000000000002
 3.0000000000000000  3.0000000000000000
 0.9000000000000001  1.6000000000000001
 1.6000000000000001  0.9000000000000001
 1.6000000000000001  2.2999999999999998
 0.2000000000000002  0.2000000000000002
 0.2000000000000002  3.0000000000000000
 3.0000000000000000  0.2000000000000002
 3.0000000000000000  3.0000000000000000
 0.9000000000000001  1.6000000000000001
 1.6000000000000001  0.9000000000000001
 1.6000000000000001  2.2999999999999998
 0.2000000000000002  0.2000000000000002
 0.2000000000000002  3.0000000000000000
 3.0000000000000000  0.2000000000000002
 3.0000000000000000  3.0000000000000000
 0.9000000000000001  1.6000000000000001
 1.6000000000000001  0.9000000000000001
 1.6000000000000001  2.2999999999999998
 0.2000000000000002  0.2000000000000002
 0.2000000000000002  3.0000000000000000
 3.0000000000000000  0.2000000000000002
 3.0000000000000000  3.0000000000000000
 0.9000000000000001  1.6000000000000001
 1.6000000000000001  0.9000000000000001
 1.6000000000000001  2.2999999999999998
 0.2000000000000002  0.2000000000000002
 0.2000000000000002  3.0000000000000000
 3.0000000000000000  0.2000000000000002
 3.0000000000000000  3.0000000000000000
 0.9000000000000001  1.6000000000000001
 1.6000000000000001  0.9000000000000001
 1.6000000000000001  2.2999999999999998
 0.2000000000000002  0.2000000000000002
 0.2000000000000002  3.0000000000000000
 3.0000000000000000  0.2000000000000002
 3.0000000000000000  3.0000000000000000
 0.9000000000000001  1.6000000000000001
 1.6000000000000001  0.9000000000000001
 1.6000000000000001  2.2999999999999998
 0.2000000000000002  0.2000000000000002
 0.2000000000000002  3.0000000000000000
 3.0000000000000000  0.2000000000000002
 3.0000000000000000  3.0000000000000000
 0.9000000000000001  1.6000000000000001
 1.6000000000000001  0.9000000000000001
 1.6000000000000001  2.2999999999999998
 0.2000000000000002  0.2000000000000002
 0.2000000000000002  3.0000000000000000
 3.0000000000000000  0.2000000000000002
 3.0000000000000000  3.0000000000000000
 0.9000000000000001  1.6000000000000001
 1.6000000000000001  0.9000000000000001
 1.6000000000000001  2.2999999999999998
 0.2000000000000002  0.2000000000000002
 0.2000000000000002  3.0000000000000000
 3.0000000000000000  0.2000000000000002
 3.0000000000000000  3.0000000000000000
 0.9000000000000001  1.6000000000000001
 1.6000000000000001  0.9000000000000001
 1.6000000000000001  2.2999999999999998
 0.2000000000000002  0.2000000000000002
 0.2000000000000002  3.0000000000000000
 3.0000000000000000  0.2000000000000002
 3.0000000000000000  3.0000000000000000
 0.9000000000000001  1.6000000000000001
 1.6000000000000001  0.9000000000000001
 1.6000000000000001  2.2999999999999998
 0.2000000000000002  0.2000000000000002
 0.2000000000000002  3.0000000000000000
 3.0000000000000000  0.2000000000000002
 3.0000000000000000  3.0000000000000000
 0.9000000000000001  1.6000000000000001
 1.6000000000000001  0.9000000000000001
 1.6000000000000001  2.2999999999999998
 0.2000000000000002  0.2000000000000002
 0.2000000000000002  3.0000000000000000
 3.0000000000000000  0.2000000000000002
 3.0000000000000000  3.0000000000000000
 0.9000000000000001  1.6000000000000001
 1.6000000000000001  0.9000000000000001
 1.6000000000000001  2.2999999999999998
 0.2000000000000002  0.2000000000000002
 0.2000000000000002  3.0000000000000000
 3.0000000000000000  0.2000000000000002
 3.0000000000000000  3.0000000000000000
 0.9000000000000001  1.6000000000000001
 1.6000000000000001  0.9000000000000001
 1.6000000000000001  2.2999999999999998
 0.2000000000000002  0.2000000000000002
 0.2000000000000002  3.0000000000000000
 3.0000000000000000  0.2000000000000002
 3.0000000000000000  3.0000000000000000
 0.9000000000000001  1.6000000000000001
 1.6000000000000001  0.9000000000000001
 1.6000000000000001  2.2999999999999998
 0.2000000000000002  0.2000000000000002
 0.2000000000000002  3.0000000000000000
 3.0000000000000000  0.2000000000000002
 3.0000000000000000  3.0000000000000000
 0.9000000000000001  1.6000000000000001
 1.6000000000000001  0.9000000000000001
 1.6000000000000001  2.2999999999999998
 0.2000000000000002  0.2000000000000002
 0.2000000000000002  3.0000000000000000
 3.0000000000000000  0.2000000000000002
 3.0000000000000000  3.0000000000000000
 0.9000000000000001  1.6000000000000001
 1.6000000000000001  2.8687499999999999
 1.6000000000000001  2.9562499999999998
 0.2000000000000002  0.9875000000000002
 0.2000000000000002  1.1625000000000001
 0.2000000000000002  2.7374999999999998
 0.2000000000000002  2.9125000000000001
 3.0000000000000000  0.6375000000000002
 3.0000000000000000  0.8125000000000001
 3.0000000000000000  0.9875000000000002
 3.0000000000000000  1.1625000000000001
 3.0000000000000000  2.7374999999999998
 3.0000000000000000  2.9125000000000001
 0.9000000000000001  1.0750000000000002
 0.9000000000000001  1.4250000000000000
 0.9000000000000001  2.4750000000000001
 0.9000000000000001  2.8250000000000002
 2.2999999999999998  0.3750000000000002
 2.2999999999999998  0.7250000000000001
 2.2999999999999998  1.0750000000000002
 2.2999999999999998  1.4250000000000000
 2.2999999999999998  2.4750000000000001
 2.2999999999999998  2.8250000000000002
 0.5500000000000003  0.5500000000000003
 0.5500000000000003  1.2500000000000000
 0.5500000000000003  1.9500000000000002
 0.5500000000000003  2.6499999999999999
 1.2500000000000000  0.5500000000000003
 1.2500000000000000  1.2500000000000000
 1.2500000000000000  1.9500000000000002
 1.2500000000000000  2.6499999999999999
 1.9500000000000002  0.5500000000000003
 1.9500000000000002  1.2500000000000000
 1.9500000000000002  1.9500000000000002
 1.9500000000000002  2.6499999999999999
 2.6499999999999999  0.5500000000000003
 2.6499999999999999  1.2500000000000000
 2.6499999999999999  2.6499999999999999
 0.3750000000000002  0.9000000000000001
 0.3750000000000002  2.2999999999999998
 0.7250000000000001  1.6000000000000001
 0.7250000000000001  0.9000000000000001
 0.7250000000000001  2.2999999999999998
 1.0750000000000002  1.6000000000000001
 1.0750000000000002  0.9000000000000001
 1.0750000000000002  2.2999999999999998
 1.4250000000000000  1.6000000000000001
 1.4250000000000000  0.9000000000000001
 1.4250000000000000  2.2999999999999998
 1.7750000000000001  3.0000000000000000
 1.7750000000000001  0.9000000000000001
 1.7750000000000001  2.2999999999999998
 2.1250000000000000  3.0000000000000000
 2.1250000000000000  0.9000000000000001
 2.1250000000000000  2.2999999999999998
 2.4750000000000001  0.2000000000000002
 2.4750000000000001  3.0000000000000000
 2.4750000000000001  0.9000000000000001
 2.8250000000000002  0.2000000000000002
 2.8250000000000002  0.9000000000000001
 0.6375000000000002  0.2000000000000002
 0.8125000000000001  0.2000000000000002
 0.9875000000000002  0.2000000000000002
 1.1625000000000001  0.2000000000000002
 1.3375000000000001  3.0000000000000000
 1.5125000000000002  3.0000000000000000
 1.6875000000000000  1.6000000000000001
 1.6875000000000000  0.2000000000000002
 1.8625000000000000  1.6000000000000001
 1.8625000000000000  0.2000000000000002
 2.0375000000000001  1.6000000000000001
 2.0375000000000001  0.2000000000000002
 2.2124999999999999  1.6000000000000001
 2.2124999999999999  0.2000000000000002
 2.3875000000000002  1.6000000000000001
 2.5625000000000000  1.6000000000000001
 1.6000000000000001  0.3750000000000002
 1.6000000000000001  0.7250000000000001
 1.6000000000000001  1.0750000000000002
 1.6000000000000001  1.4250000000000000
 1.6000000000000001  1.7750000000000001
 1.6000000000000001  2.1250000000000000
 1.6000000000000001  2.4750000000000001
 1.6000000000000001  2.8250000000000002
 0.2000000000000002  0.5500000000000003
 0.2000000000000002  1.2500000000000000
 0.2000000000000002  1.9500000000000002
 0.2000000000000002  2.6499999999999999
 3.0000000000000000  0.5500000000000003
 3.0000000000000000  1.2500000000000000
 3.0000000000000000  1.9500000000000002
 3.0000000000000000  2.6499999999999999
 0.9000000000000001  0.9000000000000001
 0.9000000000000001  2.2999999999999998
 2.2999999999999998  0.9000000000000001
 2.2999999999999998  2.2999999999999998
 0.5500000000000003  0.2000000000000002
 0.5500000000000003  3.0000000000000000
 1.2500000000000000  0.2000000000000002
 1.2500000000000000  3.0000000000000000
 1.9500000000000002  1.6000000000000001
 1.9500000000000002  0.2000000000000002
 1.9500000000000002  3.0000000000000000
 2.6499999999999999  1.6000000000000001
 2.6499999999999999  0.2000000000000002
 2.6499999999999999  3.0000000000000000
 0.3750000000000002  1.6000000000000001
 0.7250000000000001  1.6000000000000001
 1.6000000000000001  0.3750000000000002
 1.6000000000000001  0.7250000000000001
 1.6000000000000001  1.0750000000000002
 1.6000000000000001  1.4250000000000000
 1.6000000000000001  1.7750000000000001
 1.6000000000000001  2.1250000000000000
 1.6000000000000001  2.4750000000000001
 1.6000000000000001  2.8250000000000002
 0.2000000000000002  0.5500000000000003
 0.2000000000000002  1.2500000000000000
 0.2000000000000002  1.9500000000000002
 0.2000000000000002  2.6499999999999999
 3.0000000000000000  0.5500000000000003
 3.0000000000000000  1.2500000000000000
 3.0000000000000000  1.9500000000000002
 3.0000000000000000  2.6499999999999999
 0.9000000000000001  0.9000000000000001
 0.9000000000000001  2.2999999999999998
 2.2999999999999998  0.9000000000000001
 2.2999999999999998  2.2999999999999998
 0.5500000000000003  1.6000000000000001
 0.5500000000000003  0.2000000000000002
 0.5500000000000003  3.0000000000000000
 1.2500000000000000  1.6000000000000001
 1.2500000000000000  0.2000000000000002
 1.2500000000000000  3.0000000000000000
 1.9500000000000002  1.6000000000000001
 1.9500000000000002  0.2000000000000002
 2.6499999999999999  1.6000000000000001
 2.6499999999999999  0.2000000000000002
 1.6000000000000001  0.3750000000000002
 1.6000000000000001  0.7250000000000001
 1.6000000000000001  1.0750000000000002
 1.6000000000000001  1.4250000000000000
 1.6000000000000001  1.7750000000000001
 1.6000000000000001  2.1250000000000000
 1.6000000000000001  2.4750000000000001
 1.6000000000000001  2.8250000000000002
 0.2000000000000002  0.5500000000000003
 0.2000000000000002  1.2500000000000000
 0.2000000000000002  1.9500000000000002
 0.2000000000000002  2.6499999999999999
 3.0000000000000000  0.5500000000000003
 3.0000000000000000  1.2500000000000000
 3.0000000000000000  1.9500000000000002
 3.0000000000000000  2.6499999999999999
 0.9000000000000001  0.9000000000000001
 0.9000000000000001  2.2999999999999998
 2.2999999999999998  0.9000000000000001
 2.2999999999999998  2.2999999999999998
 0.5500000000000003  1.6000000000000001
 0.5500000000000003  0.2000000000000002
 0.5500000000000003  3.0000000000000000
 1.2500000000000000  1.6000000000000001
 1.2500000000000000  0.2000000000000002
 1.2500000000000000  3.0000000000000000
 1.9500000000000002  1.6000000000000001
 1.9500000000000002  0.2000000000000002
 2.6499999999999999  1.6000000000000001
 2.6499999999999999  0.2000000000000002
 1.6000000000000001  0.3750000000000002
 1.6000000000000001  0.7250000000000001
 1.6000000000000001  1.0750000000000002
 1.6000000000000001  1.4250000000000000
 1.6000000000000001  1.7750000000000001
 1.6000000000000001  2.1250000000000000
 1.6000000000000001  2.4750000000000001
 1.6000000000000001  2.8250000000000002
 0.2000000000000002  0.5500000000000003
 0.2000000000000002  1.2500000000000000
 0.2000000000000002  1.9500000000000002
 0.2000000000000002  2.6499999999999999
 3.0000000000000000  0.5500000000000003
 3.0000000000000000  1.2500000000000000
 3.0000000000000000  1.9500000000000002
 3.0000000000000000  2.6499999999999999
 0.9000000000000001  0.9000000000000001
 0.9000000000000001  2.2999999999999998
 2.2999999999999998  0.9000000000000001
 2.2999999999999998  2.2999999999999998
 0.5500000000000003  1.6000000000000001
 0.5500000000000003  0.2000000000000002
 0.5500000000000003  3.0000000000000000
 1.2500000000000000  1.6000000000000001
 1.2500000000000000  0.2000000000000002
 1.2500000000000000  3.0000000000000000
 1.9500000000000002  1.6000000000000001
 1.9500000000000002  0.2000000000000002
 2.6499999999999999  1.6000000000000001
 2.6499999999999999  0.2000000000000002
 1.6000000000000001  0.3750000000000002
 1.6000000000000001  0.7250000000000001
 1.6000000000000001  1.0750000000000002
 1.6000000000000001  1.4250000000000000
 1.6000000000000001  1.7750000000000001
 1.6000000000000001  2.1250000000000000
 1.6000000000000001  2.4750000000000001
 1.6000000000000001  2.8250000000000002
 0.2000000000000002  0.5500000000000003
 0.2000000000000002  1.2500000000000000
 0.2000000000000002  1.9500000000000002
 0.2000000000000002  2.6499999999999999
 3.0000000000000000  0.5500000000000003
 3.0000000000000000  1.2500000000000000
 3.0000000000000000  1.9500000000000002
 3.0000000000000000  2.6499999999999999
 0.9000000000000001  0.9000000000000001
 0.9000000000000001  2.2999999999999998
 2.2999999999999998  0.9000000000000001
 2.2999999999999998  2.2999999999999998
 0.5500000000000003  1.6000000000000001
 0.5500000000000003  0.2000000000000002
 0.5500000000000003  3.0000000000000000
 1.2500000000000000  1.6000000000000001
 1.2500000000000000  0.2000000000000002
 1.2500000000000000  3.0000000000000000
 1.9500000000000002  1.6000000000000001
 1.9500000000000002  0.2000000000000002
 2.6499999999999999  1.6000000000000001
 2.6499999999999999  0.2000000000000002
 1.6000000000000001  0.3750000000000002
 1.6000000000000001  0.7250000000000001
 1.6000000000000001  1.0750000000000002
 1.6000000000000001  1.4250000000000000
 1.6000000000000001  1.7750000000000001
 1.6000000000000001  2.1250000000000000
 1.6000000000000001  2.4750000000000001
 1.6000000000000001  2.8250000000000002
 0.2000000000000002  0.5500000000000003
 0.2000000000000002  1.2500000000000000
 0.2000000000000002  1.9500000000000002
 0.2000000000000002  2.6499999999999999
 3.0000000000000000  0.5500000000000003
 3.0000000000000000  1.2500000000000000
 3.0000000000000000  1.9500000000000002
 3.0000000000000000  2.6499999999999999
 0.9000000000000001  0.9000000000000001
 0.9000000000000001  2.2999999999999998
 2.2999999999999998  0.9000000000000001
 2.2999999999999998  2.2999999999999998
 0.5500000000000003  1.6000000000000001
 0.5500000000000003  0.2000000000000002
 0.5500000000000003  3.0000000000000000
 1.2500000000000000  1.6000000000000001
 1.2500000000000000  0.2000000000000002
 1.2500000000000000  3.0000000000000000
 1.9500000000000002  1.6000000000000001
 1.9500000000000002  0.2000000000000002
 2.6499999999999999  1.6000000000000001
 2.6499999999999999  0.2000000000000002
 1.6000000000000001  0.3750000000000002
 1.6000000000000001  0.7250000000000001
 1.6000000000000001  1.0750000000000002
 1.6000000000000001  1.4250000000000000
 1.6000000000000001  1.7750000000000001
 1.6000000000000001  2.1250000000000000
 1.6000000000000001  2.4750000000000001
 1.6000000000000001  2.8250000000000002
 0.2000000000000002  0.5500000000000003
 0.2000000000000002  1.2500000000000000
 0.2000000000000002  1.9500000000000002
 0.2000000000000002  2.6499999999999999
 3.0000000000000000  0.5500000000000003
 3.0000000000000000  1.2500000000000000
 3.0000000000000000  1.9500000000000002
 3.0000000000000000  2.6499999999999999
 0.9000000000000001  0.9000000000000001
 0.9000000000000001  2.2999999999999998
 2.2999999999999998  0.9000000000000001
 2.2999999999999998  2.2999999999999998
 0.5500000000000003  0.2000000000000002
 0.5500000000000003  3.0000000000000000
 1.2500000000000000  0.2000000000000002
 1.2500000000000000  3.0000000000000000
 1.9500000000000002  1.6000000000000001
 1.9500000000000002  0.2000000000000002
 1.9500000000000002  3.0000000000000000
 2.6499999999999999  1.6000000000000001
 2.6499999999999999  0.2000000000000002
 2.6499999999999999  3.0000000000000000
 0.3750000000000002  1.6000000000000001
 0.7250000000000001  1.6000000000000001
 1.6000000000000001  0.3750000000000002
 1.6000000000000001  0.7250000000000001
 1.6000000000000001  1.0750000000000002
 1.6000000000000001  1.4250000000000000
 1.6000000000000001  1.7750000000000001
 1.6000000000000001  2.1250000000000000
 1.6000000000000001  2.4750000000000001
 1.6000000000000001  2.8250000000000002
 0.2000000000000002  0.5500000000000003
 0.2000000000000002  1.2500000000000000
 0.2000000000000002  1.9500000000000002
 0.2000000000000002  2.6499999999999999
 3.0000000000000000  0.5500000000000003
 3.0000000000000000  1.2500000000000000
 3.0000000000000000  1.9500000000000002
 3.0000000000000000  2.6499999999999999
 0.9000000000000001  0.9000000000000001
 0.9000000000000001  2.2999999999999998
 2.2999999999999998  0.9000000000000001
 2.2999999999999998  2.2999999999999998
 0.5500000000000003  1.6000000000000001
 0.5500000000000003  0.2000000000000002
 0.5500000000000003  3.0000000000000000
 1.2500000000000000  1.6000000000000001
 1.2500000000000000  0.2000000000000002
 1.2500000000000000  3.0000000000000000
 1.9500000000000002  1.6000000000000001
 1.9500000000000002  0.2000000000000002
 2.6499999999999999  1.6000000000000001
 2.6499999999999999  0.2000000000000002
 1.6000000000000001  0.3750000000000002
 1.6000000000000001  0.7250000000000001
 1.6000000000000001  1.0750000000000002
 1.6000000000000001  1.4250000000000000
 1.6000000000000001  1.7750000000000001
 1.6000000000000001  2.1250000000000000
 1.6000000000000001  2.4750000000000001
 1.6000000000000001  2.8250000000000002
 0.2000000000000002  0.5500000000000003
 0.2000000000000002  1.2500000000000000
 0.2000000000000002  1.9500000000000002
 0.2000000000000002  2.6499999999999999
 3.0000000000000000  0.5500000000000003
 3.0000000000000000  1.2500000000000000
 3.0000000000000000  1.9500000000000002
 3.0000000000000000  2.6499999999999999
 0.9000000000000001  0.9000000000000001
 0.9000000000000001  2.2999999999999998
 2.2999999999999998  0.9000000000000001
 2.2999999999999998  2.2999999999999998
 0.5500000000000003  1.6000000000000001
 0.5500000000000003  0.2000000000000002
 0.5500000000000003  3.0000000000000000
 1.2500000000000000  1.6000000000000001
 1.2500000000000000  0.2000000000000002
 1.2500000000000000  3.0000000000000000
 1.9500000000000002  1.6000000000000001
 1.9500000000000002  0.2000000000000002
 2.6499999999999999  1.6000000000000001
 2.6499999999999999  0.2000000000000002
 1.6000000000000001  0.3750000000000002
 1.6000000000000001  0.7250000000000001
 1.6000000000000001  1.0750000000000002
 1.6000000000000001  1.4250000000000000
 1.6000000000000001  1.7750000000000001
 1.6000000000000001  2.1250000000000000
 1.6000000000000001  2.4750000000000001
 1.6000000000000001  2.8250000000000002
 0.2000000000000002  0.5500000000000003
 0.2000000000000002  1.2500000000000000
 0.2000000000000002  1.9500000000000002
 0.2000000000000002  2.6499999999999999
 3.0000000000000000  0.5500000000000003
 3.0000000000000000  1.2500000000000000
 3.0000000000000000  1.9500000000000002
 3.0000000000000000  2.6499999999999999
 0.9000000000000001  0.9000000000000001
 0.9000000000000001  2.2999999999999998
 2.2999999999999998  0.9000000000000001
 2.2999999999999998  2.2999999999999998
 0.5500000000000003  1.6000000000000001
 0.5500000000000003  0.2000000000000002
 0.5500000000000003  3.0000000000000000
 1.2500000000000000  1.6000000000000001
 1.2500000000000000  0.2000000000000002
 1.2500000000000000  3.0000000000000000
 1.9500000000000002  1.6000000000000001
 1.9500000000000002  0.2000000000000002
 2.6499999999999999  1.6000000000000001
 2.6499999999999999  0.2000000000000002
 1.6000000000000001  0.3750000000000002
 1.6000000000000001  0.7250000000000001
 1.6000000000000001  1.0750000000000002
 1.6000000000000001  1.4250000000000000
 1.6000000000000001  1.7750000000000001
 1.6000000000000001  2.1250000000000000
 1.6000000000000001  2.4750000000000001
 1.6000000000000001  2.8250000000000002
 0.2000000000000002  0.5500000000000003
 0.2000000000000002  1.2500000000000000
 0.2000000000000002  1.9500000000000002
 0.2000000000000002  2.6499999999999999
 3.0000000000000000  0.5500000000000003
 3.0000000000000000  1.2500000000000000
 3.0000000000000000  1.9500000000000002
 3.0000000000000000  2.6499999999999999
 0.9000000000000001  0.9000000000000001
 0.9000000000000001  2.2999999999999998
 2.2999999999999998  0.9000000000000001
 2.2999999999999998  2.2999999999999998
 0.5500000000000003  0.2000000000000002
 0.5500000000000003  3.0000000000000000
 1.2500000000000000  3.0000000000000000
 1.9500000000000002  1.6000000000000001
 1.9500000000000002  0.2000000000000002
 1.9500000000000002  3.0000000000000000
 2.6499999999999999  1.6000000000000001
 2.6499999999999999  0.2000000000000002
 2.6499999999999999  3.0000000000000000
 0.3750000000000002  1.6000000000000001
 0.7250000000000001  1.6000000000000001
 1.6000000000000001  0.3750000000000002
 1.6000000000000001  0.7250000000000001
 1.6000000000000001  1.0750000000000002
 1.6000000000000001  1.4250000000000000
 1.6000000000000001  2.4750000000000001
 1.6000000000000001  2.8250000000000002
 0.2000000000000002  0.5500000000000003
 0.2000000000000002  1.2500000000000000
 0.2000000000000002  1.9500000000000002
 0.2000000000000002  2.6499999999999999
 3.0000000000000000  0.5500000000000003
 3.0000000000000000  1.2500000000000000
 3.0000000000000000  1.9500000000000002
 3.0000000000000000  2.6499999999999999
 0.9000000000000001  0.9000000000000001
 0.9000000000000001  2.2999999999999998
 2.2999999999999998  0.9000000000000001
 2.2999999999999998  2.2999999999999998
 0.5500000000000003  1.6000000000000001
 0.5500000000000003  0.2000000000000002
 0.5500000000000003  3.0000000000000000
 1.2500000000000000  1.6000000000000001
 1.2500000000000000  0.2000000000000002
 1.2500000000000000  3.0000000000000000
 1.9500000000000002  1.6000000000000001
 1.9500000000000002  0.2000000000000002
 2.6499999999999999  1.6000000000000001
 2.6499999999999999  0.2000000000000002
 1.6000000000000001  0.3750000000000002
 1.6000000000000001  0.7250000000000001
 1.6000000000000001  1.0750000000000002
 1.6000000000000001  1.4250000000000000
 1.6000000000000001  1.7750000000000001
 1.6000000000000001  2.1250000000000000
 1.6000000000000001  2.4750000000000001
 1.6000000000000001  2.8250000000000002
 0.2000000000000002  0.5500000000000003
 0.2000000000000002  1.2500000000000000
 0.2000000000000002  1.9500000000000002
 0.2000000000000002  2.6499999999999999
 3.0000000000000000  0.5500000000000003
 3.0000000000000000  1.2500000000000000
 3.0000000000000000  1.9500000000000002
 3.0000000000000000  2.6499999999999999
 0.9000000000000001  0.9000000000000001
 0.9000000000000001  2.2999999999999998
 2.2999999999999998  0.9000000000000001
 2.2999999999999998  2.2999999999999998
 0.5500000000000003  1.6000000000000001
 0.5500000000000003  0.2000000000000002
 0.5500000000000003  3.0000000000000000
 1.2500000000000000  1.6000000000000001
 1.2500000000000000  0.2000000000000002
 1.2500000000000000  3.0000000000000000
 1.9500000000000002  1.6000000000000001
 1.9500000000000002  0.2000000000000002
 2.6499999999999999  1.6000000000000001
 2.6499999999999999  0.2000000000000002
 1.6000000000000001  0.3750000000000002
 1.6000000000000001  0.7250000000000001
 1.6000000000000001  1.0750000000000002
 1.6000000000000001  1.4250000000000000
 1.6000000000000001  1.7750000000000001
 1.6000000000000001  2.1250000000000000
 1.6000000000000001  2.4750000000000001
 1.6000000000000001  2.8250000000000002
 0.2000000000000002  0.5500000000000003
 0.2000000000000002  1.2500000000000000
 0.2000000000000002  1.9500000000000002
 0.2000000000000002  2.6499999999999999
 3.0000000000000000  0.5500000000000003
 3.0000000000000000  1.2500000000000000
 3.0000000000000000  1.9500000000000002
 3.0000000000000000  2.6499999999999999
 0.9000000000000001  0.9000000000000001
 0.9000000000000001  2.2999999999999998
 2.2999999999999998  0.9000000000000001
 2.2999999999999998  2.2999999999999998
 0.5500000000000003  1.6000000000000001
 0.5500000000000003  0.2000000000000002
 0.5500000000000003  3.0000000000000000
 1.2500000000000000  1.6000000000000001
 1.2500000000000000  0.2000000000000002
 1.2500000000000000  3.0000000000000000
 1.9500000000000002  1.6000000000000001
 1.9500000000000002  0.2000000000000002
 2.6499999999999999  1.6000000000000001
 2.6499999999999999  0.2000000000000002
 1.6000000000000001  0.3750000000000002
 1.6000000000000001  0.7250000000000001
 1.6000000000000001  1.0750000000000002
 1.6000000000000001  1.4250000000000000
 1.6000000000000001  1.7750000000000001
 1.6000000000000001  2.1250000000000000
 1.6000000000000001  2.4750000000000001
 1.6000000000000001  2.8250000000000002
 0.2000000000000002  0.5500000000000003
 0.2000000000000002  1.2500000000000000
 0.2000000000000002  1.9500000000000002
 0.2000000000000002  2.6499999999999999
 3.0000000000000000  0.5500000000000003
 3.0000000000000000  1.2500000000000000
 3.0000000000000000  1.9500000000000002
 3.0000000000000000  2.6499999999999999
 0.9000000000000001  0.9000000000000001
 0.9000000000000001  2.2999999999999998
 2.2999999999999998  0.9000000000000001
 2.2999999999999998  2.2999999999999998
 0.5500000000000003  1.6000000000000001
 0.5500000000000003  0.2000000000000002
 0.5500000000000003  3.0000000000000000
 1.2500000000000000  1.6000000000000001
 1.2500000000000000  0.2000000000000002
 1.2500000000000000  3.0000000000000000
 1.9500000000000002  1.6000000000000001
 1.9500000000000002  0.2000000000000002
 2.6499999999999999  1.6000000000000001
 2.6499999999999999  0.2000000000000002
 1.6000000000000001  0.3750000000000002
 1.6000000000000001  0.7250000000000001
 1.6000000000000001  1.0750000000000002
 1.6000000000000001  1.4250000000000000
 1.6000000000000001  1.7750000000000001
 1.6000000000000001  2.1250000000000000
 1.6000000000000001  2.4750000000000001
 1.6000000000000001  2.8250000000000002
 0.2000000000000002  0.5500000000000003
 0.2000000000000002  1.2500000000000000
 0.2000000000000002  1.9500000000000002
 0.2000000000000002  2.6499999999999999
 3.0000000000000000  0.5500000000000003
 3.0000000000000000  1.2500000000000000
 3.0000000000000000  1.9500000000000002
 3.0000000000000000  2.6499999999999999
 0.9000000000000001  0.9000000000000001
 0.9000000000000001  2.2999999999999998
 2.2999999999999998  0.9000000000000001
 2.2999999999999998  2.2999999999999998
 0.5500000000000003  1.6000000000000001
 0.5500000000000003  0.2000000000000002
 0.5500000000000003  3.0000000000000000
 1.2500000000000000  1.6000000000000001
 1.2500000000000000  0.2000000000000002
 1.2500000000000000  3.0000000000000000
 1.9500000000000002  1.6000000000000001
 1.9500000000000002  0.2000000000000002
 2.6499999999999999  1.6000000000000001
 2.6499999999999999  0.2000000000000002
 1.6000000000000001  0.3750000000000002
 1.6000000000000001  0.7250000000000001
 1.6000000000000001  1.0750000000000002
 1.6000000000000001  1.4250000000000000
 1.6000000000000001  1.7750000000000001
 1.6000000000000001  2.1250000000000000
 1.6000000000000001  2.4750000000000001
 1.6000000000000001  2.8250000000000002
 0.2000000000000002  0.5500000000000003
 0.2000000000000002  1.2500000000000000
 0.2000000000000002  1.9500000000000002
 0.2000000000000002  2.6499999999999999
 3.0000000000000000  0.5500000000000003
 3.0000000000000000  1.2500000000000000
 3.0000000000000000  1.9500000000000002
 3.0000000000000000  2.6499999999999999
 0.9000000000000001  0.9000000000000001
 0.9000000000000001  2.2999999999999998
 2.2999999999999998  0.9000000000000001
 2.2999999999999998  2.2999999999999998
 0.5500000000000003  1.6000000000000001
 0.5500000000000003  0.2000000000000002
 0.5500000000000003  3.0000000000000000
 1.2500000000000000  1.6000000000000001
 1.2500000000000000  0.2000000000000002
 1.2500000000000000  3.0000000000000000
 1.9500000000000002  1.6000000000000001
 1.9500000000000002  0.2000000000000002
 2.6499999999999999  1.6000000000000001
 2.6499999999999999  0.2000000000000002
 1.6000000000000001  0.3750000000000002
 1.6000000000000001  0.7250000000000001
 1.6000000000000001  1.0750000000000002
 1.6000000000000001  1.4250000000000000
 1.6000000000000001  1.7750000000000001
 1.6000000000000001  2.1250000000000000
 1.6000000000000001  2.4750000000000001
 1.6000000000000001  2.8250000000000002
 0.2000000000000002  0.5500000000000003
 0.2000000000000002  1.2500000000000000
 0.2000000000000002  1.9500000000000002
 0.2000000000000002  2.6499999999999999
 3.0000000000000000  0.5500000000000003
 3.0000000000000000  1.2500000000000000
 3.0000000000000000  1.9500000000000002
 3.0000000000000000  2.6499999999999999
 0.9000000000000001  0.9000000000000001
 0.9000000000000001  2.2999999999999998
 2.2999999999999998  0.9000000000000001
 2.2999999999999998  2.2999999999999998
 0.5500000000000003  0.2000000000000002
 0.5500000000000003  3.0000000000000000
 1.2500000000000000  0.2000000000000002
 1.2500000000000000  3.0000000000000000
 1.9500000000000002  1.6000000000000001
 1.9500000000000002  0.2000000000000002
 1.9500000000000002  3.0000000000000000
 2.6499999999999999  1.6000000000000001
 2.6499999999999999  0.2000000000000002
 2.6499999999999999  3.0000000000000000
 0.3750000000000002  1.6000000000000001
 0.7250000000000001  1.6000000000000001
 1.6000000000000001  0.3750000000000002
 1.6000000000000001  0.7250000000000001
 1.6000000000000001  1.0750000000000002
 1.6000000000000001  1.4250000000000000
 1.6000000000000001  1.7750000000000001
 1.6000000000000001  2.1250000000000000
 1.6000000000000001  2.4750000000000001
 1.6000000000000001  2.8250000000000002
 0.2000000000000002  0.5500000000000003
 0.2000000000000002  1.2500000000000000
 0.2000000000000002  1.9500000000000002
 0.2000000000000002  2.6499999999999999
 3.0000000000000000  0.5500000000000003
 3.0000000000000000  1.2500000000000000
 3.0000000000000000  1.9500000000000002
 3.0000000000000000  2.6499999999999999
 0.9000000000000001  0.9000000000000001
 0.9000000000000001  2.2999999999999998
 2.2999999999999998  0.9000000000000001
 2.2999999999999998  2.2999999999999998
 0.5500000000000003  1.6000000000000001
 0.5500000000000003  0.2000000000000002
 0.5500000000000003  3.0000000000000000
 1.2500000000000000  1.6000000000000001
 1.2500000000000000  0.2000000000000002
 1.2500000000000000  3.0000000000000000
 1.9500000000000002  1.6000000000000001
 1.9500000000000002  0.2000000000000002
 1.9500000000000002  3.0000000000000000
 2.6499999999999999  1.6000000000000001
 2.6499999999999999  0.2000000000000002
 2.6499999999999999  3.0000000000000000
 1.6000000000000001  0.5500000000000003
 1.6000000000000001  1.2500000000000000
 1.6000000000000001  1.9500000000000002
 1.6000000000000001  2.6499999999999999
 0.2000000000000002  0.9000000000000001
 0.2000000000000002  2.2999999999999998
 3.0000000000000000  0.9000000000000001
 3.0000000000000000  2.2999999999999998
 0.9000000000000001  0.2000000000000002
 0.9000000000000001  3.0000000000000000
 2.2999999999999998  1.6000000000000001
 2.2999999999999998  0.2000000000000002
 2.2999999999999998  3.0000000000000000
 0.5500000000000003  1.6000000000000001
 1.2500000000000000  1.6000000000000001
 1.6000000000000001  0.5500000000000003
 1.6000000000000001  1.2500000000000000
 1.6000000000000001  1.9500000000000002
 1.6000000000000001  2.6499999999999999
 0.2000000000000002  0.9000000000000001
 0.2000000000000002  2.2999999999999998
 3.0000000000000000  0.9000000000000001
 3.0000000000000000  2.2999999999999998
 0.9000000000000001  0.2000000000000002
 0.9000000000000001  3.0000000000000000
 2.2999999999999998  1.6000000000000001
 2.2999999999999998  0.2000000000000002
 2.2999999999999998  3.0000000000000000
 1.6000000000000001  0.5500000000000003
 1.6000000000000001  1.2500000000000000
 1.6000000000000001  1.9500000000000002
 1.6000000000000001  2.6499999999999999
 0.2000000000000002  0.9000000000000001
 0.2000000000000002  2.2999999999999998
 3.0000000000000000  0.9000000000000001
 3.0000000000000000  2.2999999999999998
 0.9000000000000001  0.2000000000000002
 0.9000000000000001  3.0000000000000000
 2.2999999999999998  1.6000000000000001
 2.2999999999999998  0.2000000000000002
 2.2999999999999998  3.0000000000000000
 1.6000000000000001  0.5500000000000003
 1.6000000000000001  1.2500000000000000
 1.6000000000000001  1.9500000000000002
 1.6000000000000001  2.6499999999999999
 0.2000000000000002  0.9000000000000001
 0.2000000000000002  2.2999999999999998
 3.0000000000000000  0.9000000000000001
 3.0000000000000000  2.2999999999999998
 0.9000000000000001  0.2000000000000002
 0.9000000000000001  3.0000000000000000
 2.2999999999999998  1.6000000000000001
 2.2999999999999998  0.2000000000000002
 2.2999999999999998  3.0000000000000000
 0.5500000000000003  1.6000000000000001
 1.2500000000000000  1.6000000000000001
 1.6000000000000001  0.5500000000000003
 1.6000000000000001  1.2500000000000000
 1.6000000000000001  1.9500000000000002
 1.6000000000000001  2.6499999999999999
 0.2000000000000002  0.9000000000000001
 0.2000000000000002  2.2999999999999998
 3.0000000000000000  0.9000000000000001
 3.0000000000000000  2.2999999999999998
 0.9000000000000001  0.2000000000000002
 0.9000000000000001  3.0000000000000000
 2.2999999999999998  1.6000000000000001
 2.2999999999999998  0.2000000000000002
 2.2999999999999998  3.0000000000000000
 1.6000000000000001  0.5500000000000003
 1.6000000000000001  1.2500000000000000
 1.6000000000000001  1.9500000000000002
 1.6000000000000001  2.6499999999999999
 0.2000000000000002  0.9000000000000001
 0.2000000000000002  2.2999999999999998
 3.0000000000000000  0.9000000000000001
 3.0000000000000000  2.2999999999999998
 0.9000000000000001  0.2000000000000002
 0.9000000000000001  3.0000000000000000
 2.2999999999999998  1.6000000000000001
 2.2999999999999998  0.2000000000000002
 2.2999999999999998  3.0000000000000000
 1.6000000000000001  0.5500000000000003
 1.6000000000000001  1.2500000000000000
 1.6000000000000001  1.9500000000000002
 1.6000000000000001  2.6499999999999999
 0.2000000000000002  0.9000000000000001
 0.2000000000000002  2.2999999999999998
 3.0000000000000000  0.9000000000000001
 3.0000000000000000  2.2999999999999998
 0.9000000000000001  0.2000000000000002
 0.9000000000000001  3.0000000000000000
 2.2999999999999998  1.6000000000000001
 2.2999999999999998  0.2000000000000002
 2.2999999999999998  3.0000000000000000
 1.6000000000000001  0.5500000000000003
 1.6000000000000001  1.2500000000000000
 1.6000000000000001  1.9500000000000002
 1.6000000000000001  2.6499999999999999
 0.2000000000000002  0.9000000000000001
 0.2000000000000002  2.2999999999999998
 3.0000000000000000  0.9000000000000001
 3.0000000000000000  2.2999999999999998
 0.9000000000000001  0.2000000000000002
 0.9000000000000001  3.0000000000000000
 2.2999999999999998  1.6000000000000001
 2.2999999999999998  0.2000000000000002
 2.2999999999999998  3.0000000000000000
 1.6000000000000001  0.5500000000000003
 1.6000000000000001  1.2500000000000000
 1.6000000000000001  1.9500000000000002
 1.6000000000000001  2.6499999999999999
 0.2000000000000002  0.9000000000000001
 0.2000000000000002  2.2999999999999998
 3.0000000000000000  0.9000000000000001
 3.0000000000000000  2.2999999999999998
 0.9000000000000001  0.2000000000000002
 0.9000000000000001  3.0000000000000000
 2.2999999999999998  1.6000000000000001
 2.2999999999999998  0.2000000000000002
 2.2999999999999998  3.0000000000000000
 1.6000000000000001  0.5500000000000003
 1.6000000000000001  1.2500000000000000
 1.6000000000000001  1.9500000000000002
 1.6000000000000001  2.6499999999999999
 0.2000000000000002  0.9000000000000001
 0.2000000000000002  2.2999999999999998
 3.0000000000000000  0.9000000000000001
 3.0000000000000000  2.2999999999999998
 0.9000000000000001  0.2000000000000002
 0.9000000000000001  3.0000000000000000
 2.2999999999999998  1.6000000000000001
 2.2999999999999998  0.2000000000000002
 2.2999999999999998  3.0000000000000000
