1.6000000000000001 0.9000000000000001 -543.2570679730712300
1.6000000000000001 2.2999999999999998 -518.9387144409040502
0.2000000000000002 0.2000000000000002 -599.9853993381403825
0.2000000000000002 3.0000000000000000 -469.3932322688937120
3.0000000000000000 0.2000000000000002 -471.2433356777681297
1.6000000000000001 0.5500000000000003 -541.3949920751529135
1.6000000000000001 1.2500000000000000 -545.1797000986560988
1.6000000000000001 1.9500000000000002 -534.8636937235158939
1.6000000000000001 2.6499999999999999 -521.9671927397334912
0.2000000000000002 0.9000000000000001 -600.0041382416758324
