1.6000000000000001 0.9000000000000001 -5.1146475850124133
1.6000000000000001 2.2999999999999998 -2.4020341589524143
0.2000000000000002 0.2000000000000002 -21.4650606451062345
0.2000000000000002 3.0000000000000000 -7.3058205217272461
3.0000000000000000 0.2000000000000002 -7.3058205216953702
1.6000000000000001 0.5500000000000003 -6.6400307556274960
1.6000000000000001 1.2500000000000000 -4.1381931990954035
1.6000000000000001 1.9500000000000002 -2.8626196495204361
1.6000000000000001 2.6499999999999999 -2.0124338059558617
0.2000000000000002 0.9000000000000001 -12.8778618645906526
