1.0000000000000000 135.4790112845294630 41.5628676389228033
2.0000000000000000 155.5532725806006624 60.1737647251321874
3.0000000000000000 84.1854552263352218 29.4588543240309058
4.0000000000000000 231.9509723986694496 56.7741354862698273
5.0000000000000000 251.8772679614315564 68.2834777673717923
6.0000000000000000 42.7146505197669057 13.9883710338203340
7.0000000000000000 33.9231007809465837 10.7051601053836407
8.0000000000000000 26.9411018484801161 8.2012673939800944
9.0000000000000000 21.3961812810695164 6.2888577507192860
10.0000000000000000 16.9925386566560519 4.8276190559919669
