1.0000000000000000 136.5008824862580639 56.4585556906053441
2.0000000000000000 107.1358391190547650 38.2633256037450451
3.0000000000000000 84.6138728845554340 28.4310803177092311
4.0000000000000000 67.9068514617045480 22.6801225543057825
5.0000000000000000 52.8779553986719861 15.8184059592842505
6.0000000000000000 43.0520281690615434 13.5879387905255093
7.0000000000000000 34.1930030521473327 10.3983885954746320
8.0000000000000000 26.4799601947256633 7.0247582146901379
9.0000000000000000 19.6258073495250756 3.5275992441891955
10.0000000000000000 16.9399755035595945 4.5428607209293652
