1.0000000000000000 156.4900808208225271 63.8429191691678852
2.0000000000000000 149.2631152543615372 52.5001280775394648
3.0000000000000000 109.1097144889610604 36.1307340788964595
4.0000000000000000 74.8754531099078804 22.4754799116985531
5.0000000000000000 50.7220075304182387 13.5261885032120581
6.0000000000000000 323.1570551539596181 74.5547784746035660
7.0000000000000000 328.4616456686579227 79.3859873726505327
8.0000000000000000 17.3553125189005186 4.9691475729123189
9.0000000000000000 12.3573751598278250 3.8433719995766347
10.0000000000000000 7.4851916632771918 1.1910519107040836
