1.0000000000000000 210.1180410610228080 82.6230460478150377
2.0000000000000000 142.8509902684977533 49.3335354017532381
3.0000000000000000 259.3813211565685606 63.7814240808883071
4.0000000000000000 283.4555965619033486 79.0893997976535701
5.0000000000000000 43.3030835713775559 10.9046542162632853
6.0000000000000000 328.2135286659764120 75.4629734418939933
7.0000000000000000 332.5364019542316214 80.8340770282027989
8.0000000000000000 14.7436014333642333 3.9243766724157521
9.0000000000000000 10.0985825491120522 2.5244551067358096
10.0000000000000000 6.7312414208364544 1.3899126135889328
