1.0000000000000000 243.4894957501497004 94.2850997855102406
2.0000000000000000 132.1705861177573524 45.1122074587821018
3.0000000000000000 87.4149821294760159 27.2929935141000826
4.0000000000000000 296.5190407497321416 69.5900546689293407
5.0000000000000000 309.1665782529576063 78.3635174651072930
6.0000000000000000 27.8779650279147972 6.8912040432225137
7.0000000000000000 20.3263095216865395 6.0935022805019239
8.0000000000000000 13.0896145203137166 2.8055689245623672
9.0000000000000000 9.3607397869477609 2.3093954675313375
10.0000000000000000 6.1963495992773687 1.2160729978733598
