1.0000000000000000 136.4711836143617916 42.1211855270618685
2.0000000000000000 174.4640372964771302 74.3502671119625518
3.0000000000000000 114.4928182131491781 38.4645054532486839
4.0000000000000000 80.3058406132284972 24.5855788572879383
5.0000000000000000 301.0867278014363251 70.1103390330212477
6.0000000000000000 312.7578804606291669 79.6840071851257505
7.0000000000000000 25.3721952836883702 5.6511948144276580
8.0000000000000000 341.6770821957308613 78.7014740756916780
9.0000000000000000 344.3336213367278447 81.6369412051231933
10.0000000000000000 8.7684290236871902 2.2335705704067541
