 1.60000  0.20000 -560.60760
 1.60000  0.25714 -560.94382
 1.60000  0.31429 -561.28005
 1.60000  0.37143 -561.61627
 1.60000  0.42857 -561.95249
 1.60000  0.48571 -562.28872
 1.60000  0.54286 -562.62494
 1.60000  0.60000 -562.96295
 1.60000  0.65714 -563.30121
 1.60000  0.71429 -563.63947
 1.60000  0.77143 -563.97773
 1.60000  0.82857 -564.31599
 1.60000  0.88571 -564.65425
 1.60000  0.94286 -564.99333
 1.60000  1.00000 -565.33269
 1.60000  1.05714 -565.67204
 1.60000  1.11429 -566.01140
 1.60000  1.17143 -566.35076
 1.60000  1.22857 -566.69011
 1.60000  1.28571 -567.02982
 1.60000  1.34286 -567.36972
 1.60000  1.40000 -567.70963
 1.60000  1.45714 -568.04954
 1.60000  1.51429 -568.38945
 1.60000  1.57143 -568.72936
 1.60000  1.62857 -567.72846
 1.60000  1.68571 -565.38675
 1.60000  1.74286 -563.04504
 1.60000  1.80000 -560.70332
 1.60000  1.85714 -558.36161
 1.60000  1.91429 -556.01990
 1.60000  1.97143 -553.38016
 1.60000  2.02857 -550.24370
 1.60000  2.08571 -547.10723
 1.60000  2.14286 -543.97077
 1.60000  2.20000 -540.83431
 1.60000  2.25714 -537.69785
 1.60000  2.31429 -535.45139
 1.60000  2.37143 -535.87495
 1.60000  2.42857 -536.29851
 1.60000  2.48571 -536.72207
 1.60000  2.54286 -537.14563
 1.60000  2.60000 -537.56919
 1.60000  2.65714 -538.19506
 1.60000  2.71429 -540.23713
 1.60000  2.77143 -542.27920
 1.60000  2.82857 -544.32127
 1.60000  2.88571 -546.36334
 1.60000  2.94286 -548.40541
 1.60000  3.00000 -550.44748
