 1.60000  0.20000 -560.72202
 1.60000  0.25714 -561.05894
 1.60000  0.31429 -561.39586
 1.60000  0.37143 -561.73279
 1.60000  0.42857 -562.06971
 1.60000  0.48571 -562.40664
 1.60000  0.54286 -562.74356
 1.60000  0.60000 -563.08213
 1.60000  0.65714 -563.42092
 1.60000  0.71429 -563.75972
 1.60000  0.77143 -564.09852
 1.60000  0.82857 -564.43731
 1.60000  0.88571 -564.77611
 1.60000  0.94286 -565.11567
 1.60000  1.00000 -565.45548
 1.60000  1.05714 -565.79529
 1.60000  1.11429 -566.13510
 1.60000  1.17143 -566.47491
 1.60000  1.22857 -566.81472
 1.60000  1.28571 -567.15485
 1.60000  1.34286 -567.49517
 1.60000  1.40000 -567.83549
 1.60000  1.45714 -568.17581
 1.60000  1.51429 -568.51613
 1.60000  1.57143 -568.85645
 1.60000  1.62857 -567.85170
 1.60000  1.68571 -565.50188
 1.60000  1.74286 -563.15206
 1.60000  1.80000 -560.80224
 1.60000  1.85714 -558.45242
 1.60000  1.91429 -556.10260
 1.60000  1.97143 -553.45271
 1.60000  2.02857 -550.30271
 1.60000  2.08571 -547.15270
 1.60000  2.14286 -544.00270
 1.60000  2.20000 -540.85269
 1.60000  2.25714 -537.70269
 1.60000  2.31429 -535.44522
 1.60000  2.37143 -535.86536
 1.60000  2.42857 -536.28549
 1.60000  2.48571 -536.70563
 1.60000  2.54286 -537.12577
 1.60000  2.60000 -537.54591
 1.60000  2.65714 -538.16956
 1.60000  2.71429 -540.21787
 1.60000  2.77143 -542.26617
 1.60000  2.82857 -544.31447
 1.60000  2.88571 -546.36278
 1.60000  2.94286 -548.41108
 1.60000  3.00000 -550.45938
