 1.60000  0.20000 -561.25663
 1.60000  0.25714 -561.59420
 1.60000  0.31429 -561.93176
 1.60000  0.37143 -562.26933
 1.60000  0.42857 -562.60689
 1.60000  0.48571 -562.94446
 1.60000  0.54286 -563.28202
 1.60000  0.60000 -563.62109
 1.60000  0.65714 -563.96038
 1.60000  0.71429 -564.29966
 1.60000  0.77143 -564.63895
 1.60000  0.82857 -564.97824
 1.60000  0.88571 -565.31752
 1.60000  0.94286 -565.65751
 1.60000  1.00000 -565.99773
 1.60000  1.05714 -566.33795
 1.60000  1.11429 -566.67818
 1.60000  1.17143 -567.01840
 1.60000  1.22857 -567.35862
 1.60000  1.28571 -567.69914
 1.60000  1.34286 -568.03983
 1.60000  1.40000 -568.38053
 1.60000  1.45714 -568.72122
 1.60000  1.51429 -569.06192
 1.60000  1.57143 -569.40262
 1.60000  1.62857 -568.39426
 1.60000  1.68571 -566.03685
 1.60000  1.74286 -563.67944
 1.60000  1.80000 -561.32203
 1.60000  1.85714 -558.96462
 1.60000  1.91429 -556.60721
 1.60000  1.97143 -553.94782
 1.60000  2.02857 -550.78515
 1.60000  2.08571 -547.62247
 1.60000  2.14286 -544.45979
 1.60000  2.20000 -541.29711
 1.60000  2.25714 -538.13443
 1.60000  2.31429 -535.86666
 1.60000  2.37143 -536.28358
 1.60000  2.42857 -536.70051
 1.60000  2.48571 -537.11743
 1.60000  2.54286 -537.53436
 1.60000  2.60000 -537.95128
 1.60000  2.65714 -538.57285
 1.60000  2.71429 -540.62692
 1.60000  2.77143 -542.68098
 1.60000  2.82857 -544.73505
 1.60000  2.88571 -546.78911
 1.60000  2.94286 -548.84317
 1.60000  3.00000 -550.89724
