 1.60000  0.20000 -559.29318
 1.60000  0.25714 -559.62779
 1.60000  0.31429 -559.96241
 1.60000  0.37143 -560.29702
 1.60000  0.42857 -560.63164
 1.60000  0.48571 -560.96625
 1.60000  0.54286 -561.30087
 1.60000  0.60000 -561.63759
 1.60000  0.65714 -561.97462
 1.60000  0.71429 -562.31164
 1.60000  0.77143 -562.64867
 1.60000  0.82857 -562.98569
 1.60000  0.88571 -563.32272
 1.60000  0.94286 -563.66070
 1.60000  1.00000 -563.99902
 1.60000  1.05714 -564.33733
 1.60000  1.11429 -564.67564
 1.60000  1.17143 -565.01395
 1.60000  1.22857 -565.35226
 1.60000  1.28571 -565.69097
 1.60000  1.34286 -566.02993
 1.60000  1.40000 -566.36888
 1.60000  1.45714 -566.70784
 1.60000  1.51429 -567.04679
 1.60000  1.57143 -567.38575
 1.60000  1.62857 -566.39365
 1.60000  1.68571 -564.07049
 1.60000  1.74286 -561.74733
 1.60000  1.80000 -559.42417
 1.60000  1.85714 -557.10101
 1.60000  1.91429 -554.77785
 1.60000  1.97143 -552.16117
 1.60000  2.02857 -549.05531
 1.60000  2.08571 -545.94945
 1.60000  2.14286 -542.84359
 1.60000  2.20000 -539.73773
 1.60000  2.25714 -536.63188
 1.60000  2.31429 -534.41011
 1.60000  2.37143 -534.84064
 1.60000  2.42857 -535.27116
 1.60000  2.48571 -535.70168
 1.60000  2.54286 -536.13221
 1.60000  2.60000 -536.56273
 1.60000  2.65714 -537.19286
 1.60000  2.71429 -539.22020
 1.60000  2.77143 -541.24755
 1.60000  2.82857 -543.27489
 1.60000  2.88571 -545.30224
 1.60000  2.94286 -547.32958
 1.60000  3.00000 -549.35693
