 1.60000  0.20000 -560.26321
 1.60000  0.25714 -560.59867
 1.60000  0.31429 -560.93412
 1.60000  0.37143 -561.26958
 1.60000  0.42857 -561.60503
 1.60000  0.48571 -561.94049
 1.60000  0.54286 -562.27594
 1.60000  0.60000 -562.61334
 1.60000  0.65714 -562.95101
 1.60000  0.71429 -563.28868
 1.60000  0.77143 -563.62635
 1.60000  0.82857 -563.96402
 1.60000  0.88571 -564.30169
 1.60000  0.94286 -564.64026
 1.60000  1.00000 -564.97911
 1.60000  1.05714 -565.31797
 1.60000  1.11429 -565.65683
 1.60000  1.17143 -565.99569
 1.60000  1.22857 -566.33455
 1.60000  1.28571 -566.67378
 1.60000  1.34286 -567.01324
 1.60000  1.40000 -567.35269
 1.60000  1.45714 -567.69215
 1.60000  1.51429 -568.03160
 1.60000  1.57143 -568.37106
 1.60000  1.62857 -567.37435
 1.60000  1.68571 -565.04149
 1.60000  1.74286 -562.70863
 1.60000  1.80000 -560.37577
 1.60000  1.85714 -558.04291
 1.60000  1.91429 -555.71005
 1.60000  1.97143 -553.08134
 1.60000  2.02857 -549.95954
 1.60000  2.08571 -546.83775
 1.60000  2.14286 -543.71596
 1.60000  2.20000 -540.59417
 1.60000  2.25714 -537.47238
 1.60000  2.31429 -535.23780
 1.60000  2.37143 -535.66484
 1.60000  2.42857 -536.09188
 1.60000  2.48571 -536.51892
 1.60000  2.54286 -536.94597
 1.60000  2.60000 -537.37301
 1.60000  2.65714 -538.00106
 1.60000  2.71429 -540.03618
 1.60000  2.77143 -542.07131
 1.60000  2.82857 -544.10643
 1.60000  2.88571 -546.14156
 1.60000  2.94286 -548.17668
 1.60000  3.00000 -550.21181
