TASMANIAN SG 4.0
WARNING: do not edit this manually
localpolynomial
2 1 1 3
localp
1 2 25 0 0 0 1 0 2 0 3 0 4 0 5 0 6 0 7 0 8 1 0 1 1 1 2 1 3 1 4 2 0 2 1 2 2 2 3 2 4 3 0 3 1 3 2 4 0 4 1 4 2
1  -5.47129520804032381e+02 7.45492351288476129e+00 1.45555322052387055e+01 1.44991074518770802e-01 2.09130402605089785e+01 7.08405569565684345e-02 1.35942898956500358e-02 -1.82957610104767809e+00 3.78915878011537188e+00 -5.33186175470151511e+01 -6.99218449997761127e+00 1.16499373876915115e+02 6.76395283993542762e-02 5.14007645049461644e+02 1.12639070253958266e+02 -4.42078086405787758e+01 4.19934917505211843e+02 4.52721902039402380e+02 1.96332185434339863e+02 5.09829316809693523e+02 6.00006815049504212e+01 -8.84570637584982933e+00 4.90809985677053248e+02 1.46489808074046550e+01 -2.24522990957844627e+02
0
0
1 0
0 4 5 6 8 10 10 10 10 10 13 14 15 15 15 18 19 20 20 20 22 22 22 24 24 24
9 14 1 2 3 4 5 6 7 8 19 10 11 12 13 22 15 16 17 18 20 21 23 24
1 25 1 -5.47129520804032381e+02 -5.39674597291147620e+02 -5.32573988598793676e+02 -5.43257067973071230e+02 -5.18938714440904050e+02 -5.41394992075152913e+02 -5.45179700098656099e+02 -5.34863693723515894e+02 -5.21967192739733491e+02 -6.00448138351047533e+02 -5.99985399338140382e+02 -4.69393232268893712e+02 -6.00004138241675832e+02 1.42287072052867277e-316 -4.34490450550074115e+02 -4.71243335677768130e+02 -8.39623535449505783e-07 1.42286953477112275e-316 1.42286834901357273e-316 -6.39595127678464479e+01 1.42286716325602271e-316 1.42286597749847269e-316 1.42286479174092267e-316 1.42286360598337265e-316 1.42286242022582263e-316
custom
2.00000000000000011e-01 3.00000000000000000e+00
2.00000000000000011e-01 3.00000000000000000e+00
TASMANIAN SG end
