TASMANIAN SG 4.0
WARNING: do not edit this manually
localpolynomial
2 1 1 3
localp
1 2 25 0 0 0 1 0 2 0 3 0 4 0 5 0 6 0 7 0 8 1 0 1 1 1 2 1 3 1 4 2 0 2 1 2 2 2 3 2 4 3 0 3 1 3 2 4 0 4 1 4 2
1  1.98550195167093912e+00 -3.14773692144385064e+00 8.69905389461662182e-01 6.82074691491258545e-01 8.24552012454664585e-02 3.71652928194177612e-01 6.78754044979239524e-02 2.87298720109188110e-02 1.42967115236540820e-02 -3.14773692220949730e+00 -2.07053246259328461e+00 3.94089536080874492e-01 6.37998258530773299e-01 4.47782306521823159e-01 8.69905389537039664e-01 3.94089535349717579e-01 -3.69331326024540640e+00 -2.16065833965217102e+00 -1.52615860706157314e+00 -1.22596237406248365e+00 4.99733203623678612e+00 -2.52621274005806029e-01 -2.42045464643945873e+00 2.95069215376899141e+00 2.04376933220591095e+00
0
0
1 0
0 4 5 6 8 10 10 10 10 10 13 14 15 15 15 18 19 20 20 20 22 22 22 24 24 24
9 14 1 2 3 4 5 6 7 8 19 10 11 12 13 22 15 16 17 18 20 21 23 24
1 25 1 1.98550195167093912e+00 -1.16223496977291152e+00 2.85540734113260131e+00 1.09370818244027235e+00 2.50290984764723667e+00 3.37389534527858248e-01 1.60748047155352980e+00 2.27293577167000649e+00 2.69345530591357329e+00 -1.16223497053855818e+00 -6.38050435457569343e+00 1.01759955003978608e-01 -2.45129671253509418e+00 2.12199579145933796e-314 2.85540734120797879e+00 1.01759955113845557e-01 3.19994704242347119e-02 2.12199579145933796e-314 2.12199579145933796e-314 -8.14328883496293288e-01 2.12199579145933796e-314 2.12199579145933796e-314 2.12199579145933796e-314 0.00000000000000000e+00 1.06701809154487015e+00
custom
2.00000000000000011e-01 3.00000000000000000e+00
2.00000000000000011e-01 3.00000000000000000e+00
TASMANIAN SG end
