TASMANIAN SG 4.0
WARNING: do not edit this manually
localpolynomial
2 1 1 3
localp
1 2 25 0 0 0 1 0 2 0 3 0 4 0 5 0 6 0 7 0 8 1 0 1 1 1 2 1 3 1 4 2 0 2 1 2 2 2 3 2 4 3 0 3 1 3 2 4 0 4 1 4 2
1  -4.59678466172478238e+02 5.34174325477124512e+00 9.71258525409160711e+00 3.86043437469425044e-01 1.39268881521270487e+01 2.00031855862903285e-01 3.35532156531144210e-02 -9.96667195971554065e-01 2.03009779257399714e+00 -3.99129581896766013e+01 -6.77848894204419139e+00 7.04346972160304290e+01 2.17728427190706952e-01 4.45590894974966773e+02 6.30207911615331682e+01 -3.07225664358315953e+01 3.86945088917229953e+02 4.08962043164005820e+02 1.84401949773157213e+02 4.15675432499470105e+02 6.20070139840972843e+01 1.90295789057395837e+01 4.28168070591711626e+02 1.00195399631445525e+01 -2.03185129712706583e+02
0
0
1 0
0 4 5 6 8 10 10 10 10 10 13 14 15 15 15 18 19 20 20 20 22 22 22 24 24 24
9 14 1 2 3 4 5 6 7 8 19 10 11 12 13 22 15 16 17 18 20 21 23 24
1 25 1 -4.59678466172478238e+02 -4.54336722917706993e+02 -4.49965880918386631e+02 -4.56621551107623191e+02 -4.40895285393305414e+02 -4.55279105156802189e+02 -4.58116455424397600e+02 -4.51283542978863352e+02 -4.43400485363272026e+02 -4.99591424362154839e+02 -5.01028170049427786e+02 -4.19444141892032803e+02 -4.99706025341131181e+02 1.42287072052867277e-316 -3.96657675010945070e+02 -4.22038498192005420e+02 -8.39623535449505783e-07 1.42286953477112275e-316 1.42286834901357273e-316 -6.39595127678464479e+01 1.42286716325602271e-316 1.42286597749847269e-316 1.42286479174092267e-316 1.42286360598337265e-316 1.42286242022582263e-316
custom
2.00000000000000011e-01 3.00000000000000000e+00
2.00000000000000011e-01 3.00000000000000000e+00
TASMANIAN SG end
