TASMANIAN SG 4.0
WARNING: do not edit this manually
localpolynomial
2 1 1 3
localp
1 2 25 0 0 0 1 0 2 0 3 0 4 0 5 0 6 0 7 0 8 1 0 1 1 1 2 1 3 1 4 2 0 2 1 2 2 2 3 2 4 3 0 3 1 3 2 4 0 4 1 4 2
1  -4.65948202322020165e+02 5.86902919191931005e+00 9.44698678940926584e+00 1.74990638792110076e-01 1.38359888236137181e+01 8.40847272060614159e-02 1.78914023460947647e-02 -9.80972578210355550e-01 2.00300642221776570e+00 -3.28396708446287562e+01 -5.98718954319394925e+00 6.96799252603242962e+01 1.15361533148075068e-01 4.45388428318168451e+02 6.97381189949895770e+01 -3.07541467437112033e+01 3.86763095729197289e+02 4.08477651464134453e+02 1.84269053244113593e+02 4.18408524975983710e+02 6.10840783480284699e+01 1.96725633487793630e+01 4.31079142824525377e+02 9.50804417993629158e+00 -2.02828534654007910e+02
0
0
1 0
0 4 5 6 8 10 10 10 10 10 13 14 15 15 15 18 19 20 20 20 22 22 22 24 24 24
9 14 1 2 3 4 5 6 7 8 19 10 11 12 13 22 15 16 17 18 20 21 23 24
1 25 1 -4.65948202322020165e+02 -4.60079173130100855e+02 -4.56501215532610900e+02 -4.62838697087268372e+02 -4.47388720103701814e+02 -4.61374850381478552e+02 -4.64375558302298202e+02 -4.57649433791071374e+02 -4.49941961395938620e+02 -4.98787873166648922e+02 -4.98906033517923561e+02 -4.19660961116915360e+02 -4.98556601170346084e+02 6.41320528200421721e-317 -3.96210083327030588e+02 -4.21095200878822482e+02 -8.08424048083233112e-07 6.41319342442871702e-317 6.41318156685321683e-317 -6.39595127683508053e+01 6.41316970927771664e-317 6.41315785170221645e-317 6.41314599412671626e-317 6.41313413655121607e-317 6.41312227897571588e-317
custom
2.00000000000000011e-01 3.00000000000000000e+00
2.00000000000000011e-01 3.00000000000000000e+00
TASMANIAN SG end
