TASMANIAN SG 4.0
WARNING: do not edit this manually
localpolynomial
2 1 1 3
localp
1 2 27 0 0 0 1 0 2 0 3 0 4 0 5 0 6 0 7 0 8 1 0 1 1 1 2 1 3 1 4 2 0 2 1 2 2 2 3 2 4 3 0 3 1 3 2 4 0 4 1 4 2 5 0 6 0
1  -4.92080859592291574e+02 6.51438905602435625e+00 1.08727177848577981e+01 1.37194223162396156e-01 1.61348200691247143e+01 6.48653673725902991e-02 1.41646654149667484e-02 -1.22173995731105833e+00 2.51853559652363401e+00 -4.06936113524819234e+01 -6.25810051847895465e+00 8.36834214607443982e+01 8.61256009478097440e-02 4.69361581252847714e+02 8.06314788129977273e+01 -3.52565933190032865e+01 4.00576662496784934e+02 4.25683288687620916e+02 1.89589870569347795e+02 4.48468152495292713e+02 6.05741739764549152e+01 1.12450842580098538e+01 4.51765120185792739e+02 1.11139076034772870e+01 -2.11161049033250293e+02 2.98366991859006646e+02 2.78020186182765713e+02
0
0
1 0
0 4 5 6 8 10 10 10 10 10 13 14 15 15 15 18 19 20 20 20 24 24 24 26 26 26 26 26
9 14 1 2 3 4 5 6 7 8 19 10 11 12 13 22 15 16 17 18 25 26 20 21 23 24
1 27 1 -4.92080859592291574e+02 -4.85566470536267218e+02 -4.81208141807433776e+02 -4.88686470841117000e+02 -4.70509680630737989e+02 -4.87061605321319519e+02 -4.90369500551289320e+02 -4.82517010068825869e+02 -4.73340375622562249e+02 -5.32774470944773498e+02 -5.32518182407228096e+02 -4.38218331699171301e+02 -5.32423006851890591e+02 6.41320528200421721e-317 -4.11449380779293847e+02 -4.40191585042272777e+02 -4.97651090029666425e-07 6.41319342442871702e-317 6.41318156685321683e-317 -6.39595127732398012e+01 6.41316970927771664e-317 6.41315785170221645e-317 6.41314599412671626e-317 6.41313413655121607e-317 6.41312227897571588e-317 6.41311042140021569e-317 6.41309856382471550e-317
custom
2.00000000000000011e-01 3.00000000000000000e+00
2.00000000000000011e-01 3.00000000000000000e+00
TASMANIAN SG end
