TASMANIAN SG 4.0
WARNING: do not edit this manually
localpolynomial
2 1 1 3
localp
1 2 25 0 0 0 1 0 2 0 3 0 4 0 5 0 6 0 7 0 8 1 0 1 1 1 2 1 3 1 4 2 0 2 1 2 2 2 3 2 4 3 0 3 1 3 2 4 0 4 1 4 2
1  -5.24044720086934149e+02 7.35877537297017170e+00 1.33858460726130488e+01 8.40991496704646124e-02 1.95943271418387894e+01 3.86015089902684849e-02 8.88471639632371080e-03 -1.64404833620869795e+00 3.41119338297914965e+00 -5.65153536649168018e+01 -6.58297076646488222e+00 1.06759500355892840e+02 4.80037213217769931e-02 5.00893073395759188e+02 9.47220654876906565e+01 -4.18909079474198052e+01 4.15936807718206410e+02 4.46504621736797731e+02 1.95067000561994973e+02 4.88342884151041744e+02 5.98922227786131316e+01 -2.80608348220869175e+00 4.76683687343088820e+02 1.35866786007397877e+01 -2.21354249931716254e+02
0
0
1 0
0 4 5 6 8 10 10 10 10 10 13 14 15 15 15 18 19 20 20 20 22 22 22 24 24 24
9 14 1 2 3 4 5 6 7 8 19 10 11 12 13 22 15 16 17 18 20 21 23 24
1 25 1 -5.24044720086934149e+02 -5.16685944713963977e+02 -5.10658874014321100e+02 -5.20281233250778655e+02 -4.97757469908788835e+02 -5.18444987473381047e+02 -5.22154091952460021e+02 -5.12545143334070076e+02 -5.00796978578575818e+02 -5.80560073751850950e+02 -5.79784269145345661e+02 -4.60414727323345062e+02 -5.80040068577606121e+02 6.41320528200421721e-317 -4.29322654599243492e+02 -4.63854787173693126e+02 -8.08424048083233112e-07 6.41319342442871702e-317 6.41318156685321683e-317 -6.39595127683508053e+01 6.41316970927771664e-317 6.41315785170221645e-317 6.41314599412671626e-317 6.41313413655121607e-317 6.41312227897571588e-317
custom
2.00000000000000011e-01 3.00000000000000000e+00
2.00000000000000011e-01 3.00000000000000000e+00
TASMANIAN SG end
