TASMANIAN SG 4.0
WARNING: do not edit this manually
localpolynomial
2 1 1 3
localp
1 2 25 0 0 0 1 0 2 0 3 0 4 0 5 0 6 0 7 0 8 1 0 1 1 1 2 1 3 1 4 2 0 2 1 2 2 2 3 2 4 3 0 3 1 3 2 4 0 4 1 4 2
1  -4.65727793296396328e+02 5.86902918978444177e+00 9.44531491867195427e+00 1.74990641054023399e-01 1.38244710004847207e+01 8.40847277140710503e-02 1.78914082201231395e-02 -9.80623676727589100e-01 2.00196631895846622e+00 -3.30023036678187509e+01 -5.98718956750980169e+00 6.96233589029862969e+01 1.15361537683185134e-01 4.45371289052901204e+02 6.95177099713442317e+01 -3.07541467462931450e+01 3.86764766700473331e+02 4.08477651462252425e+02 1.84280571514994705e+02 4.18269432376017505e+02 6.10840783482586289e+01 1.97025183841230955e+01 4.30968938310724184e+02 9.50804418336213075e+00 -2.01760680177363753e+02
0
0
1 0
0 4 5 6 8 10 10 10 10 10 13 14 15 15 15 18 19 20 20 20 22 22 22 24 24 24
9 14 1 2 3 4 5 6 7 8 19 10 11 12 13 22 15 16 17 18 20 21 23 24
1 25 1 -4.65727793296396328e+02 -4.59858764106611886e+02 -4.56282478377724374e+02 -4.62618288060450084e+02 -4.47180664836575659e+02 -4.61154441355816914e+02 -4.64155149270203083e+02 -4.57434852743213582e+02 -4.49729605288191522e+02 -4.98730096964215079e+02 -4.98848257341940439e+02 -4.19661423142556828e+02 -4.98498824974340550e+02 2.12199579145933796e-314 -3.96210083325052096e+02 -4.21095200881560800e+02 -1.70590681277145769e-06 2.12199579145933796e-314 2.12199579145933796e-314 -6.39595127542882125e+01 2.12199579145933796e-314 2.12199579145933796e-314 2.12199579145933796e-314 0.00000000000000000e+00 1.06701809154487015e+00
custom
2.00000000000000011e-01 3.00000000000000000e+00
2.00000000000000011e-01 3.00000000000000000e+00
TASMANIAN SG end
