TASMANIAN SG 4.0
WARNING: do not edit this manually
localpolynomial
2 1 1 3
localp
1 2 25 0 0 0 1 0 2 0 3 0 4 0 5 0 6 0 7 0 8 1 0 1 1 1 2 1 3 1 4 2 0 2 1 2 2 2 3 2 4 3 0 3 1 3 2 4 0 4 1 4 2
1  -2.43007667422576787e+02 2.52064731909285911e-01 2.82247816506173876e+00 4.58326343116709722e-01 2.10744692574849068e+00 2.37429278208736605e-01 4.59541972595900461e-02 -8.21791094832065028e-02 1.71517067066162099e-01 -4.18653473809203547e+00 -3.26900474318304646e+00 8.61985884511341283e+00 3.71343372858731868e-01 2.39365586729832756e+02 1.24439775772575558e+01 -5.42046563212414867e+00 2.27741210871833431e+02 2.32689563952309953e+02 1.13174398401123156e+02 1.81141422023272014e+02 6.53419504080330285e+01 5.68271051807323602e+01 2.36785678633948010e+02 2.45816808415278842e+00 -1.16693083600978454e+02
0
0
1 0
0 4 5 6 8 10 10 10 10 10 13 14 15 15 15 18 19 20 20 20 22 22 22 24 24 24
9 14 1 2 3 4 5 6 7 8 19 10 11 12 13 22 15 16 17 18 20 21 23 24
1 25 1 -2.43007667422576787e+02 -2.42755602690667502e+02 -2.40185189257515049e+02 -2.42423308713505435e+02 -2.39488981414297427e+02 -2.42352026423877732e+02 -2.42669533870781521e+02 -2.41330503527920314e+02 -2.39665568268840076e+02 -2.47194202160668823e+02 -2.50211142171942583e+02 -2.35751865150493671e+02 -2.47873002450330262e+02 6.41320528200421721e-317 -2.30563689845319232e+02 -2.35732090745534094e+02 -8.08424048083233112e-07 6.41319342442871702e-317 6.41318156685321683e-317 -6.39595127683508053e+01 6.41316970927771664e-317 6.41315785170221645e-317 6.41314599412671626e-317 6.41313413655121607e-317 6.41312227897571588e-317
custom
2.00000000000000011e-01 3.00000000000000000e+00
2.00000000000000011e-01 3.00000000000000000e+00
TASMANIAN SG end
