TASMANIAN SG 4.0
WARNING: do not edit this manually
localpolynomial
2 1 1 3
localp
1 2 25 0 0 0 1 0 2 0 3 0 4 0 5 0 6 0 7 0 8 1 0 1 1 1 2 1 3 1 4 2 0 2 1 2 2 2 3 2 4 3 0 3 1 3 2 4 0 4 1 4 2
1  -4.92080859591978367e+02 6.51438905817190061e+00 1.08727177849070245e+01 1.37194220785318066e-01 1.61348200628092968e+01 6.48653606373272851e-02 1.41646621516997584e-02 -1.22173994780484918e+00 2.51853560077364591e+00 -4.06936113540052133e+01 -6.25810053177360714e+00 8.36834214673136216e+01 8.61256145796005512e-02 4.69361581257063960e+02 8.06314788130469537e+01 -3.52565933182125946e+01 4.00576662185600355e+02 4.25683288688166442e+02 1.89589870730868427e+02 4.48468152500630140e+02 6.05741739760657083e+01 1.12450842497870553e+01 4.51765120185454862e+02 1.11139076009344535e+01 -2.11161048877707145e+02
0
0
1 0
0 4 5 6 8 10 10 10 10 10 13 14 15 15 15 18 19 20 20 20 22 22 22 24 24 24
9 14 1 2 3 4 5 6 7 8 19 10 11 12 13 22 15 16 17 18 20 21 23 24
1 25 1 -4.92080859591978367e+02 -4.85566470533806466e+02 -4.81208141807071343e+02 -4.88686470842107099e+02 -4.70509680636715586e+02 -4.87061605327319455e+02 -4.90369500554891033e+02 -4.82517010062151769e+02 -4.73340375621119847e+02 -5.32774470945983580e+02 -5.32518182419585287e+02 -4.38218331693762934e+02 -5.32423006847419515e+02 6.41320528200421721e-317 -4.11449380778931413e+02 -4.40191585038972107e+02 -8.08424048083233112e-07 6.41319342442871702e-317 6.41318156685321683e-317 -6.39595127683508053e+01 6.41316970927771664e-317 6.41315785170221645e-317 6.41314599412671626e-317 6.41313413655121607e-317 6.41312227897571588e-317
custom
2.00000000000000011e-01 3.00000000000000000e+00
2.00000000000000011e-01 3.00000000000000000e+00
TASMANIAN SG end
