TASMANIAN SG 4.0
WARNING: do not edit this manually
localpolynomial
2 1 1 3
localp
1 2 25 0 0 0 1 0 2 0 3 0 4 0 5 0 6 0 7 0 8 1 0 1 1 1 2 1 3 1 4 2 0 2 1 2 2 2 3 2 4 3 0 3 1 3 2 4 0 4 1 4 2
1  -3.19847135988075252e+02 2.31250009954158031e+00 4.64437513661238199e+00 3.60891476906317621e-01 5.02068440714833741e+00 1.83159732761737359e-01 3.62250756001003538e-02 -2.59756907522216807e-01 4.99453235583359856e-01 -1.28653990372337717e+01 -4.31666410828586322e+00 2.22650531115778563e+01 2.77234302447880054e-01 3.14237136494065624e+02 2.31807652003910789e+01 -1.23226540314522026e+01 2.92021994255540619e+02 3.01310556276733166e+02 1.43312501684459363e+02 2.62320322747538967e+02 6.38053447137544936e+01 4.81826110667518606e+01 3.08256753387879712e+02 3.84882691618452100e+00 -1.49588354172837825e+02
0
0
1 0
0 4 5 6 8 10 10 10 10 10 13 14 15 15 15 18 19 20 20 20 22 22 22 24 24 24
9 14 1 2 3 4 5 6 7 8 19 10 11 12 13 22 15 16 17 18 20 21 23 24
1 25 1 -3.19847135988075252e+02 -3.17534635888533671e+02 -3.15202760851462870e+02 -3.18329994461398144e+02 -3.12504264012620752e+02 -3.17749155442204199e+02 -3.19052340149136626e+02 -3.16435456907870218e+02 -3.13354059196458422e+02 -3.32712535025309023e+02 -3.34716699034053306e+02 -3.05803106777118785e+02 -3.33076491250326967e+02 2.12199579145933796e-314 -2.96666370787684173e+02 -3.06676524719594795e+02 -1.39553116229247093e-06 2.12199579145933796e-314 2.12199579145933796e-314 -6.39595127591531849e+01 2.12199579145933796e-314 2.12199579145933796e-314 2.12199579145933796e-314 0.00000000000000000e+00 1.06701809154487015e+00
custom
2.00000000000000011e-01 3.00000000000000000e+00
2.00000000000000011e-01 3.00000000000000000e+00
TASMANIAN SG end
