TASMANIAN SG 4.0
WARNING: do not edit this manually
localpolynomial
2 1 1 3
localp
1 2 27 0 0 0 1 0 2 0 3 0 4 0 5 0 6 0 7 0 8 1 0 1 1 1 2 1 3 1 4 2 0 2 1 2 2 2 3 2 4 3 0 3 1 3 2 4 0 4 1 4 2 5 0 6 0
1  -3.83893448016459388e+02 3.85365064669463209e+00 6.32962563489485319e+00 2.83833176043742696e-01 8.15188851833136141e+00 1.41294649158055563e-01 2.86024491124976521e-02 -4.83796463100361507e-01 9.50438857846108931e-01 -1.76318305813259713e+01 -5.06798208241747261e+00 3.81093943088979472e+01 2.06975222139675452e-01 3.71153880107557598e+02 4.14196031602173207e+01 -1.91564332656055853e+01 3.36144218723696099e+02 3.49841402989653830e+02 1.63085034158615201e+02 3.28749850533882579e+02 6.26398531677539268e+01 3.85751899838959389e+01 3.63183646436350728e+02 5.72456598610813217e+00 -1.74401734996742903e+02 2.32742395685512577e+02 2.23926480394849591e+02
0
0
1 0
0 4 5 6 8 10 10 10 10 10 13 14 15 15 15 18 19 20 20 20 24 24 24 26 26 26 26 26
9 14 1 2 3 4 5 6 7 8 19 10 11 12 13 22 15 16 17 18 25 26 20 21 23 24
1 27 1 -3.83893448016459388e+02 -3.80039797369764756e+02 -3.77563822381564535e+02 -3.81682789517068329e+02 -3.72576746680680571e+02 -3.80719998794258515e+02 -3.82759516317651389e+02 -3.78718893811670341e+02 -3.74119845673276473e+02 -4.01525278597785359e+02 -4.02739610033508200e+02 -3.57086258653992559e+02 -4.01641635917463361e+02 9.49124216064551664e-317 -3.42473844856242067e+02 -3.57776627475153020e+02 -4.97651090029666425e-07 9.49123030307001645e-317 9.49121844549451626e-317 -6.39595127732398012e+01 9.49120658791901607e-317 9.49119473034351588e-317 9.49118287276801569e-317 9.49117101519251550e-317 9.49115915761701531e-317 9.49114730004151512e-317 9.49113544246601493e-317
custom
2.00000000000000011e-01 3.00000000000000000e+00
2.00000000000000011e-01 3.00000000000000000e+00
TASMANIAN SG end
