TASMANIAN SG 4.0
WARNING: do not edit this manually
localpolynomial
2 1 1 3
localp
1 2 27 0 0 0 1 0 2 0 3 0 4 0 5 0 6 0 7 0 8 1 0 1 1 1 2 1 3 1 4 2 0 2 1 2 2 2 3 2 4 3 0 3 1 3 2 4 0 4 1 4 2 5 0 6 0
1  -5.68027618732963106e+02 8.20574800342751587e+00 1.77562575120626889e+01 2.19656735654325530e-02 2.38276429929841242e+01 9.49969310443066206e-03 2.48120363482939865e-03 -2.33175123514740790e+00 4.77050225053858412e+00 -7.24934169073084149e+01 -6.83477578065355829e+00 1.41787726203109287e+02 1.01032868616925953e-02 5.36921400789701352e+02 1.24641671858271309e+02 -4.96704601115222886e+01 4.25629688830980569e+02 4.64096337255173751e+02 1.97865330710186015e+02 5.40314814413911336e+02 5.91711526596052408e+01 -2.46906078409112979e+01 5.05706782803827423e+02 1.66294820523336284e+01 -2.30571101927552945e+02 3.52240274206488721e+02 3.15993565752834570e+02
0
0
1 0
0 4 5 6 8 10 10 10 10 10 13 14 15 15 15 18 19 20 20 20 24 24 24 26 26 26 26 26
9 14 1 2 3 4 5 6 7 8 19 10 11 12 13 22 15 16 17 18 25 26 20 21 23 24
1 27 1 -5.68027618732963106e+02 -5.59821870729535590e+02 -5.50271361220900417e+02 -5.63902779057683915e+02 -5.35321846983947694e+02 -5.61852825200505208e+02 -5.65962717691688795e+02 -5.54006484093602694e+02 -5.38026101851885414e+02 -6.40521035640271521e+02 -6.39150063417497563e+02 -4.80977051925099545e+02 -6.39803480568457417e+02 1.90086698005206194e-316 -4.43385946874691797e+02 -4.84850658982786570e+02 -5.31648518696109619e-07 1.90086579429451192e-316 1.90086460853696190e-316 -6.39595127727059278e+01 1.90086342277941188e-316 1.90086223702186186e-316 1.90086105126431184e-316 1.90085986550676182e-316 1.90085867974921180e-316 1.90085749399166178e-316 1.90085630823411176e-316
custom
2.00000000000000011e-01 3.00000000000000000e+00
2.00000000000000011e-01 3.00000000000000000e+00
TASMANIAN SG end
