TASMANIAN SG 4.0
WARNING: do not edit this manually
localpolynomial
2 1 1 3
localp
1 2 27 0 0 0 1 0 2 0 3 0 4 0 5 0 6 0 7 0 8 1 0 1 1 1 2 1 3 1 4 2 0 2 1 2 2 2 3 2 4 3 0 3 1 3 2 4 0 4 1 4 2 5 0 6 0
1  -5.20986842355847557e+02 6.95121734858594209e+00 1.29789294672764299e+01 8.40991497424283807e-02 1.96242965433071959e+01 3.86015160369197474e-02 8.88471933524215274e-03 -1.63522822064055617e+00 3.41246478214134186e+00 -5.90626402034954481e+01 -6.24333893454911504e+00 1.07194489249199194e+02 4.80037251398357512e-02 5.00338476657797969e+02 9.16664506161080226e+01 -4.14409825751480412e+01 4.16341460876931933e+02 4.46481175203278099e+02 1.95035900024328157e+02 4.86558649698442082e+02 6.01299648778418714e+01 -2.61666133272285606e+00 4.75153617047793546e+02 1.37692739389881353e+01 -2.21149659905742396e+02 3.22004497659248102e+02 2.92473177557500378e+02
0
0
1 0
0 4 5 6 8 10 10 10 10 10 13 14 15 15 15 18 19 20 20 20 24 24 24 26 26 26 26 26
9 14 1 2 3 4 5 6 7 8 19 10 11 12 13 22 15 16 17 18 25 26 20 21 23 24
1 27 1 -5.20986842355847557e+02 -5.14035625007261615e+02 -5.08007912888571127e+02 -5.17427134531812158e+02 -4.94873081078902146e+02 -5.15692778253500023e+02 -5.19198103724494558e+02 -5.09565189938015465e+02 -4.98028032201595238e+02 -5.80049482559343005e+02 -5.79341604145306178e+02 -4.59876063842867381e+02 -5.79563440477442327e+02 9.49124216064551664e-317 -4.29320391739739534e+02 -4.63810156966301633e+02 -1.39553116229247093e-06 9.49123030307001645e-317 9.49121844549451626e-317 -6.39595127591531849e+01 9.49120658791901607e-317 9.49119473034351588e-317 9.49118287276801569e-317 9.49117101519251550e-317 9.49115915761701531e-317 9.49114730004151512e-317 9.49113544246601493e-317
custom
2.00000000000000011e-01 3.00000000000000000e+00
2.00000000000000011e-01 3.00000000000000000e+00
TASMANIAN SG end
