TASMANIAN SG 4.0
WARNING: do not edit this manually
localpolynomial
2 1 1 3
localp
1 2 25 0 0 0 1 0 2 0 3 0 4 0 5 0 6 0 7 0 8 1 0 1 1 1 2 1 3 1 4 2 0 2 1 2 2 2 3 2 4 3 0 3 1 3 2 4 0 4 1 4 2
1  -5.67555224999885581e+02 8.26204891636905359e+00 1.81982949316602571e+01 1.72289381240489092e-02 2.41535972144508833e+01 7.38033105449176219e-03 1.97197216618860693e-03 -2.39701837958568831e+00 4.89026683081010560e+00 -7.71500734175075422e+01 -6.84602950054431858e+00 1.45076053193303608e+02 7.61026990380742063e-03 5.38914527140460336e+02 1.23447316083690396e+02 -5.02331923771415632e+01 4.25909613176110895e+02 4.65076251708457391e+02 1.97900357647858698e+02 5.42170748940288604e+02 5.91204786022537974e+01 -2.67768087599613409e+01 5.05831566958040412e+02 1.68545472722017848e+01 -2.31153101519715733e+02
0
0
1 0
0 4 5 6 8 10 10 10 10 10 13 14 15 15 15 18 19 20 20 20 22 22 22 24 24 24
9 14 1 2 3 4 5 6 7 8 19 10 11 12 13 22 15 16 17 18 20 21 23 24
1 25 1 -5.67555224999885581e+02 -5.59293176083516528e+02 -5.49356930068225324e+02 -5.63406971603577063e+02 -5.34302480319604570e+02 -5.61342693512492247e+02 -5.65479126329565133e+02 -5.53325871039330764e+02 -5.36939438363104841e+02 -6.44705298417393124e+02 -6.43289279001568389e+02 -4.81430950292429259e+02 -6.43972449501452957e+02 1.90086698005206194e-316 -4.44107908916195186e+02 -4.86079052376967695e+02 -8.08424048083233112e-07 1.90086579429451192e-316 1.90086460853696190e-316 -6.39595127683508053e+01 1.90086342277941188e-316 1.90086223702186186e-316 1.90086105126431184e-316 1.90085986550676182e-316 1.90085867974921180e-316
custom
2.00000000000000011e-01 3.00000000000000000e+00
2.00000000000000011e-01 3.00000000000000000e+00
TASMANIAN SG end
