TASMANIAN SG 4.0
WARNING: do not edit this manually
localpolynomial
2 1 1 3
localp
1 2 27 0 0 0 1 0 2 0 3 0 4 0 5 0 6 0 7 0 8 1 0 1 1 1 2 1 3 1 4 2 0 2 1 2 2 2 3 2 4 3 0 3 1 3 2 4 0 4 1 4 2 5 0 6 0
1  -3.20876264151299154e+02 2.31250010001036799e+00 4.64475723062071211e+00 3.60891476415247325e-01 5.02427958745272463e+00 1.83159729429235085e-01 3.62250730653954633e-02 -2.59844877345074110e-01 4.99731456148708730e-01 -1.20218313234370839e+01 -4.31666416960899824e+00 2.22822190065921859e+01 2.77234331963484237e-01 3.14410327768677064e+02 2.42098933621196579e+01 -1.23226540297726501e+01 2.92021613077299605e+02 3.01310556277645389e+02 1.43308906047766612e+02 2.62927667039520202e+02 6.38053447582916533e+01 4.81736460395807171e+01 3.08771317470239296e+02 3.84882691487598549e+00 -1.50655563769270486e+02 1.98428804124116880e+02 1.92417888462398309e+02
0
0
1 0
0 4 5 6 8 10 10 10 10 10 13 14 15 15 15 18 19 20 20 20 24 24 24 26 26 26 26 26
9 14 1 2 3 4 5 6 7 8 19 10 11 12 13 22 15 16 17 18 25 26 20 21 23 24
1 27 1 -3.20876264151299154e+02 -3.18563764051288786e+02 -3.16231506920678441e+02 -3.19359122624878751e+02 -3.13529605948536073e+02 -3.18778283608654476e+02 -3.20081468315023585e+02 -3.17462779927262716e+02 -3.14380824978458520e+02 -3.32898095474736238e+02 -3.34902259544334868e+02 -3.05971119237523340e+02 -3.33262051701156850e+02 6.41320528200421721e-317 -2.96666370789179496e+02 -3.06676524718941778e+02 -4.81259198115314177e-07 6.41319342442871702e-317 6.41318156685321683e-317 -6.39595127734974653e+01 6.41316970927771664e-317 6.41315785170221645e-317 6.41314599412671626e-317 6.41313413655121607e-317 6.41312227897571588e-317 6.41311042140021569e-317 6.41309856382471550e-317
custom
2.00000000000000011e-01 3.00000000000000000e+00
2.00000000000000011e-01 3.00000000000000000e+00
TASMANIAN SG end
