TASMANIAN SG 4.0
WARNING: do not edit this manually
localpolynomial
2 1 1 3
localp
1 2 27 0 0 0 1 0 2 0 3 0 4 0 5 0 6 0 7 0 8 1 0 1 1 1 2 1 3 1 4 2 0 2 1 2 2 2 3 2 4 3 0 3 1 3 2 4 0 4 1 4 2 5 0 6 0
1  -3.85684692854514765e+02 2.93336714571944412e+00 6.76834835740169183e+00 6.26559851462332063e-01 8.31938599917577903e+00 3.36130371865124289e-01 5.26502851023451512e-02 -4.99202888686966162e-01 9.82005430705839899e-01 -1.91963387261769185e+01 -6.30896155487130272e+00 3.91865295644372509e+01 3.90636137914043502e-01 3.73584206620596433e+02 4.22699597766179522e+01 -1.91198876065681134e+01 3.36646383880871610e+02 3.50881433456858815e+02 1.63387980959584382e+02 3.31323349449756790e+02 6.41806263995626409e+01 3.75978996282261164e+01 3.64549712966205789e+02 6.62657665756461256e+00 -1.75091540297837497e+02 2.34420272174269058e+02 2.24822102811180599e+02
0
0
1 0
0 4 5 6 8 10 10 10 10 10 13 14 15 15 15 18 19 20 20 20 24 24 24 26 26 26 26 26
9 14 1 2 3 4 5 6 7 8 19 10 11 12 13 22 15 16 17 18 25 26 20 21 23 24
1 27 1 -3.85684692854514765e+02 -3.82751325708795321e+02 -3.78916344497113073e+02 -3.83591449430192711e+02 -3.73981132676638140e+02 -3.82835257197628835e+02 -3.84585420857251393e+02 -3.80332115654263418e+02 -3.75466733156169767e+02 -4.04881031580691683e+02 -4.08256625989843542e+02 -3.58926153658852741e+02 -4.05551632795891237e+02 1.42287072052867277e-316 -3.43414733077896813e+02 -3.59601253538745482e+02 -8.39623535449505783e-07 1.42286953477112275e-316 1.42286834901357273e-316 -6.39595127678464479e+01 1.42286716325602271e-316 1.42286597749847269e-316 1.42286479174092267e-316 1.42286360598337265e-316 1.42286242022582263e-316 1.42286123446827261e-316 1.42286004871072260e-316
custom
2.00000000000000011e-01 3.00000000000000000e+00
2.00000000000000011e-01 3.00000000000000000e+00
TASMANIAN SG end
