TASMANIAN SG 4.0
WARNING: do not edit this manually
localpolynomial
2 1 1 3
localp
1 2 25 0 0 0 1 0 2 0 3 0 4 0 5 0 6 0 7 0 8 1 0 1 1 1 2 1 3 1 4 2 0 2 1 2 2 2 3 2 4 3 0 3 1 3 2 4 0 4 1 4 2
1  -4.65948202319466247e+02 5.86902918949624564e+00 9.44698678647870338e+00 1.74990638213898819e-01 1.38359888246649803e+01 8.40847315540145246e-02 1.78914036495712025e-02 -9.80972584628545974e-01 2.00300641959211134e+00 -3.28396708442676299e+01 -5.98718957437307608e+00 6.96799252631054742e+01 1.15361542801423411e-01 4.45388428314276837e+02 6.97381189920590145e+01 -3.07541467442060821e+01 3.86763096059667816e+02 4.08477651466548252e+02 1.84269053079669021e+02 4.18408524968102597e+02 6.10840783711877293e+01 1.96725633554660249e+01 4.31079142823436769e+02 9.50804418260679540e+00 -2.02828534816312612e+02
0
0
1 0
0 4 5 6 8 10 10 10 10 10 13 14 15 15 15 18 19 20 20 20 22 22 22 24 24 24
9 14 1 2 3 4 5 6 7 8 19 10 11 12 13 22 15 16 17 18 20 21 23 24
1 25 1 -4.65948202319466247e+02 -4.60079173129970002e+02 -4.56501215532987544e+02 -4.62838697086504226e+02 -4.47388720101561887e+02 -4.61374850376683128e+02 -4.64375558299335694e+02 -4.57649433795142613e+02 -4.49941961397682633e+02 -4.98787873163733877e+02 -4.98906033548610708e+02 -4.19660961114149700e+02 -4.98556601175156970e+02 6.41320528200421721e-317 -3.96210083327407233e+02 -4.21095200882117069e+02 -4.81260708936621435e-07 6.41319342442871702e-317 6.41318156685321683e-317 -6.39595127734974724e+01 6.41316970927771664e-317 6.41315785170221645e-317 6.41314599412671626e-317 6.41313413655121607e-317 6.41312227897571588e-317
custom
2.00000000000000011e-01 3.00000000000000000e+00
2.00000000000000011e-01 3.00000000000000000e+00
TASMANIAN SG end
