TASMANIAN SG 4.0
WARNING: do not edit this manually
localpolynomial
2 1 1 3
localp
1 2 25 0 0 0 1 0 2 0 3 0 4 0 5 0 6 0 7 0 8 1 0 1 1 1 2 1 3 1 4 2 0 2 1 2 2 2 3 2 4 3 0 3 1 3 2 4 0 4 1 4 2
1  -3.20876264145854122e+02 2.31250009430272030e+00 4.64475722522109891e+00 3.60891472070136388e-01 5.02427958243862349e+00 1.83159725129257822e-01 3.62250703952327058e-02 -2.59844881386925408e-01 4.99731457205655261e-01 -1.20218313291447316e+01 -4.31666416759384219e+00 2.22822190123145560e+01 2.77234339018690434e-01 3.14410327773792403e+02 2.42098933567200447e+01 -1.23226540240502231e+01 2.92021613032263758e+02 3.01310556281937693e+02 1.43308906077952997e+02 2.62927667037720539e+02 6.38053447622002068e+01 4.81736460413276291e+01 3.08771317467494100e+02 3.84882691772241969e+00 -1.50655563741352978e+02
0
0
1 0
0 4 5 6 8 10 10 10 10 10 13 14 15 15 15 18 19 20 20 20 22 22 22 24 24 24
9 14 1 2 3 4 5 6 7 8 19 10 11 12 13 22 15 16 17 18 20 21 23 24
1 25 1 -3.20876264145854122e+02 -3.18563764051551402e+02 -3.16231506920633024e+02 -3.19359122626632598e+02 -3.13529605950804921e+02 -3.18778283613962742e+02 -3.20081468315848156e+02 -3.17462779929716419e+02 -3.14380824978513317e+02 -3.32898095474998854e+02 -3.34902259548289976e+02 -3.05971119237463199e+02 -3.33262051700555617e+02 6.41320528200421721e-317 -2.96666370789134078e+02 -3.06676524718881581e+02 -5.31649227515731761e-07 6.41319342442871702e-317 6.41318156685321683e-317 -6.39595127727059207e+01 6.41316970927771664e-317 6.41315785170221645e-317 6.41314599412671626e-317 6.41313413655121607e-317 6.41312227897571588e-317
custom
2.00000000000000011e-01 3.00000000000000000e+00
2.00000000000000011e-01 3.00000000000000000e+00
TASMANIAN SG end
