TASMANIAN SG 4.0
WARNING: do not edit this manually
localpolynomial
2 1 1 3
localp
1 2 27 0 0 0 1 0 2 0 3 0 4 0 5 0 6 0 7 0 8 1 0 1 1 1 2 1 3 1 4 2 0 2 1 2 2 2 3 2 4 3 0 3 1 3 2 4 0 4 1 4 2 5 0 6 0
1  -4.33591300080613735e+02 4.96582354252717550e+00 8.05149158044275737e+00 2.22213318345040989e-01 1.12908153439539660e+01 1.09064838000108466e-01 2.25086955406936795e-02 -7.58682064906963660e-01 1.53235026216890446e+00 -2.21981379728998718e+01 -5.56946233191428064e+00 5.55709516056115262e+01 1.56414981055860380e-01 4.12687401116532499e+02 6.16494335217195157e+01 -2.55342174518318643e+01 3.63890374067247933e+02 3.82003850195201494e+02 1.74680118391094908e+02 3.80730856300281744e+02 6.17784203902119202e+01 2.81225453835334065e+01 4.02766583319753977e+02 7.80128518338875665e+00 -1.89996678614066724e+02 2.59874475410147738e+02 2.48775406423697831e+02
0
0
1 0
0 4 5 6 8 10 10 10 10 10 13 14 15 15 15 18 19 20 20 20 24 24 24 26 26 26 26 26
9 14 1 2 3 4 5 6 7 8 19 10 11 12 13 22 15 16 17 18 25 26 20 21 23 24
1 27 1 -4.33591300080613735e+02 -4.28625476538086559e+02 -4.25539808500170977e+02 -4.30886174991005134e+02 -4.18274738946438390e+02 -4.29646760926545767e+02 -4.32216228840268741e+02 -4.26691701578433026e+02 -4.20374923461135779e+02 -4.55789438053513607e+02 -4.56393076842900712e+02 -3.92166994867459323e+02 -4.55712629148806229e+02 1.90086698005206194e-316 -3.71941866558894219e+02 -3.92510260468198908e+02 -9.11203532300001978e-07 1.90086579429451192e-316 1.90086460853696190e-316 -6.39595127667819199e+01 1.90086342277941188e-316 1.90086223702186186e-316 1.90086105126431184e-316 1.90085986550676182e-316 1.90085867974921180e-316 1.90085749399166178e-316 1.90085630823411176e-316
custom
2.00000000000000011e-01 3.00000000000000000e+00
2.00000000000000011e-01 3.00000000000000000e+00
TASMANIAN SG end
