TASMANIAN SG 4.0
WARNING: do not edit this manually
localpolynomial
2 1 1 3
localp
1 2 25 0 0 0 1 0 2 0 3 0 4 0 5 0 6 0 7 0 8 1 0 1 1 1 2 1 3 1 4 2 0 2 1 2 2 2 3 2 4 3 0 3 1 3 2 4 0 4 1 4 2
1  -4.26770566697779486e+02 5.00651851491215893e+00 7.92827203776516853e+00 2.22980137349168217e-01 1.11520881391978151e+01 1.08998730209918904e-01 2.26116666685243217e-02 -7.30469962257416228e-01 1.46809283766549470e+00 -2.83398504540631393e+01 -5.60493482338273452e+00 5.42925341730429523e+01 1.54521775156609920e-01 4.12847925907240779e+02 5.25547756231827066e+01 -2.53741870288985751e+01 3.66287517641300440e+02 3.84176645194240848e+02 1.75955808095866161e+02 3.76980979165657857e+02 6.17554616559324359e+01 2.88849736348665829e+01 4.00493178886188161e+02 7.68057499953715705e+00 -1.90005012766870550e+02
0
0
1 0
0 4 5 6 8 10 10 10 10 10 13 14 15 15 15 18 19 20 20 20 22 22 22 24 24 24
9 14 1 2 3 4 5 6 7 8 19 10 11 12 13 22 15 16 17 18 20 21 23 24
1 25 1 -4.26770566697779486e+02 -4.21764048182867327e+02 -4.18842294660014318e+02 -4.24044327302974239e+02 -4.11654342539699087e+02 -4.22795189012710864e+02 -4.25384835333708338e+02 -4.19942924580996760e+02 -4.13780225762191151e+02 -4.55110417151842626e+02 -4.55708833460313201e+02 -3.92889610941034505e+02 -4.55032123393572135e+02 2.12199579145933796e-314 -3.74215791074596780e+02 -3.94583459588583196e+02 -1.39553116229247093e-06 2.12199579145933796e-314 2.12199579145933796e-314 -6.39595127591531849e+01 2.12199579145933796e-314 2.12199579145933796e-314 2.12199579145933796e-314 0.00000000000000000e+00 1.06701809154487015e+00
custom
2.00000000000000011e-01 3.00000000000000000e+00
2.00000000000000011e-01 3.00000000000000000e+00
TASMANIAN SG end
