TASMANIAN SG 4.0
WARNING: do not edit this manually
localpolynomial
2 1 1 3
localp
1 2 25 0 0 0 1 0 2 0 3 0 4 0 5 0 6 0 7 0 8 1 0 1 1 1 2 1 3 1 4 2 0 2 1 2 2 2 3 2 4 3 0 3 1 3 2 4 0 4 1 4 2
1  -5.33122036390396261e+02 7.12901806743707311e+00 1.35115043504770256e+01 1.85434938923549453e-01 1.96570431329453186e+01 9.18303562050368782e-02 1.70528732842285535e-02 -1.65513060995260730e+00 3.42792175636668617e+00 -5.00617997777386563e+01 -6.98130760343030943e+00 1.07318018946074517e+02 9.06002116093418408e-02 5.03112031386913827e+02 1.03653379170915230e+02 -4.18654198389203316e+01 4.15957152029380438e+02 4.46651423166299139e+02 1.95077285896606952e+02 4.94193423511419155e+02 6.03211485021244016e+01 -3.21100105566785032e+00 4.81295346804938617e+02 1.38036918520231211e+01 -2.21490080365167273e+02
0
0
1 0
0 4 5 6 8 10 10 10 10 10 13 14 15 15 15 18 19 20 20 20 22 22 22 24 24 24
9 14 1 2 3 4 5 6 7 8 19 10 11 12 13 22 15 16 17 18 20 21 23 24
1 25 1 -5.33122036390396261e+02 -5.25993018322959188e+02 -5.19610532039919235e+02 -5.29372092417754175e+02 -5.06709241082212429e+02 -5.27590725014151531e+02 -5.31230011530790989e+02 -5.21570769346256952e+02 -5.09731964804699146e+02 -5.83183836168134917e+02 -5.83036125704128153e+02 -4.62354312871583375e+02 -5.82833945785598644e+02 1.42287072052867277e-316 -4.29468657219481031e+02 -4.64205058990964289e+02 -8.39623535449505783e-07 1.42286953477112275e-316 1.42286834901357273e-316 -6.39595127678464479e+01 1.42286716325602271e-316 1.42286597749847269e-316 1.42286479174092267e-316 1.42286360598337265e-316 1.42286242022582263e-316
custom
2.00000000000000011e-01 3.00000000000000000e+00
2.00000000000000011e-01 3.00000000000000000e+00
TASMANIAN SG end
