TASMANIAN SG 4.0
WARNING: do not edit this manually
localpolynomial
2 1 1 3
localp
1 2 25 0 0 0 1 0 2 0 3 0 4 0 5 0 6 0 7 0 8 1 0 1 1 1 2 1 3 1 4 2 0 2 1 2 2 2 3 2 4 3 0 3 1 3 2 4 0 4 1 4 2
1  -1.35763390786604248e+02 -2.50292035773875909e+00 7.31575449594458860e-01 5.81330288237609238e-01 8.39192764132121738e-02 3.07778702488548106e-01 5.84180009554700064e-02 2.20083208892560833e-02 1.33030353316030414e-02 -2.61880482847280405e+00 -1.81255405707665318e+00 4.12274477713111764e-01 4.97398323956431909e-01 1.37726351375010069e+02 5.85215462209447423e-01 4.44912172184018573e-01 1.34446599065637315e+02 1.35625849128934561e+02 6.75051687903657012e+01 7.31132804325015115e+01 6.73687101546161955e+01 6.30218000798880951e+01 1.35470783055499510e+02 2.28046427164673560e+00 -6.79548749824131022e+01
0
0
1 0
0 4 5 6 8 10 10 10 10 10 13 14 15 15 15 18 19 20 20 20 22 22 22 24 24 24
9 14 1 2 3 4 5 6 7 8 19 10 11 12 13 22 15 16 17 18 20 21 23 24
1 25 1 -1.35763390786604248e+02 -1.38266311144343007e+02 -1.35031815337009789e+02 -1.36433520677236004e+02 -1.35313683785393806e+02 -1.37042137208300971e+02 -1.36040037730964656e+02 -1.35516528965109785e+02 -1.35159446525870180e+02 -1.38382195615077052e+02 -1.42697670029892464e+02 -1.37238345687769481e+02 -1.39461204210290703e+02 6.41320528200421721e-317 -1.35178175324394800e+02 -1.37236183509949541e+02 -8.09163029477501010e-07 6.41319342442871702e-317 6.41318156685321683e-317 -6.39595127683391453e+01 6.41316970927771664e-317 6.41315785170221645e-317 6.41314599412671626e-317 6.41313413655121607e-317 6.41312227897571588e-317
custom
2.00000000000000011e-01 3.00000000000000000e+00
2.00000000000000011e-01 3.00000000000000000e+00
TASMANIAN SG end
