TASMANIAN SG 4.0
WARNING: do not edit this manually
localpolynomial
2 1 1 3
localp
1 2 25 0 0 0 1 0 2 0 3 0 4 0 5 0 6 0 7 0 8 1 0 1 1 1 2 1 3 1 4 2 0 2 1 2 2 2 3 2 4 3 0 3 1 3 2 4 0 4 1 4 2
1  -4.90913953779164785e+02 6.11489084666550298e+00 1.10780143819458772e+01 3.02593261211541176e-01 1.61965407063767088e+01 1.54310282790731890e-01 2.67864098851191557e-02 -1.23573193093204736e+00 2.54073506789785597e+00 -4.31525406193331946e+01 -6.88844577282918635e+00 8.42873615716389963e+01 1.62549820501055819e-01 4.70187265715328863e+02 7.91561872950611018e+01 -3.52268183864825346e+01 4.00679751262534296e+02 4.26011136992800687e+02 1.89682342955486888e+02 4.48530711320984949e+02 6.12888448075955239e+01 1.07378176000810868e+01 4.51335860131634263e+02 1.14985183465757927e+01 -2.11417890013213054e+02
0
0
1 0
0 4 5 6 8 10 10 10 10 10 13 14 15 15 15 18 19 20 20 20 22 22 22 24 24 24
9 14 1 2 3 4 5 6 7 8 19 10 11 12 13 22 15 16 17 18 20 21 23 24
1 25 1 -4.90913953779164785e+02 -4.84799062932499282e+02 -4.79835939397218908e+02 -4.87553915094620493e+02 -4.69178405881815138e+02 -4.86022178730769156e+02 -4.89207148027007520e+02 -4.81281911761422009e+02 -4.71966437571619167e+02 -5.34066494398497980e+02 -5.34840049324661663e+02 -4.38701118444913106e+02 -5.33988128779867225e+02 1.42287072052867277e-316 -4.11757766484103684e+02 -4.40869694023920715e+02 -8.39623535449505783e-07 1.42286953477112275e-316 1.42286834901357273e-316 -6.39595127678464479e+01 1.42286716325602271e-316 1.42286597749847269e-316 1.42286479174092267e-316 1.42286360598337265e-316 1.42286242022582263e-316
custom
2.00000000000000011e-01 3.00000000000000000e+00
2.00000000000000011e-01 3.00000000000000000e+00
TASMANIAN SG end
