TASMANIAN SG 4.0
WARNING: do not edit this manually
localpolynomial
2 1 1 3
localp
1 2 25 0 0 0 1 0 2 0 3 0 4 0 5 0 6 0 7 0 8 1 0 1 1 1 2 1 3 1 4 2 0 2 1 2 2 2 3 2 4 3 0 3 1 3 2 4 0 4 1 4 2
1  -5.08089947057902236e+02 6.99732998195236178e+00 1.21902425228058746e+01 1.07461729589090282e-01 1.80470649247014876e+01 5.00390002939070655e-02 1.12177227901497645e-02 -1.44437847403958131e+00 2.99213125506355482e+00 -5.09549482336159372e+01 -6.44910943004526871e+00 9.60701624934617939e+01 6.42989164944651748e-02 4.86867627858682852e+02 8.60821766902995478e+01 -3.89363489607467272e+01 4.09817526449265642e+02 4.37869818127410781e+02 1.92956820956865442e+02 4.69607908415557006e+02 6.01867374922234717e+01 3.73418898961642753e+00 4.65048858712752462e+02 1.24708444984210018e+01 -2.17099005747438696e+02
0
0
1 0
0 4 5 6 8 10 10 10 10 10 13 14 15 15 15 18 19 20 20 20 22 22 22 24 24 24
9 14 1 2 3 4 5 6 7 8 19 10 11 12 13 22 15 16 17 18 20 21 23 24
1 25 1 -5.08089947057902236e+02 -5.01092617075949875e+02 -4.95899704535096362e+02 -5.04483820337336965e+02 -4.83947760871797811e+02 -5.02738179706349513e+02 -5.06275665974829451e+02 -4.97463232438889577e+02 -4.86931601448383560e+02 -5.59044895291518174e+02 -5.58496674739611080e+02 -4.50784490275250505e+02 -5.58599024369481072e+02 6.41320528200421721e-317 -4.22007770367602689e+02 -4.53946789346397054e+02 -1.39553116229247093e-06 6.41319342442871702e-317 6.41318156685321683e-317 -6.39595127591531849e+01 6.41316970927771664e-317 6.41315785170221645e-317 6.41314599412671626e-317 6.41313413655121607e-317 6.41312227897571588e-317
custom
2.00000000000000011e-01 3.00000000000000000e+00
2.00000000000000011e-01 3.00000000000000000e+00
TASMANIAN SG end
