TASMANIAN SG 4.0
WARNING: do not edit this manually
localpolynomial
2 1 1 3
localp
1 2 25 0 0 0 1 0 2 0 3 0 4 0 5 0 6 0 7 0 8 1 0 1 1 1 2 1 3 1 4 2 0 2 1 2 2 2 3 2 4 3 0 3 1 3 2 4 0 4 1 4 2
1  -3.82042591361676784e+02 3.85365064637971955e+00 6.33048872509135663e+00 2.83833173126765814e-01 8.15703228140176861e+00 1.41294645665709595e-01 2.86024467904439916e-02 -4.83982656928446886e-01 9.51006408511659629e-01 -1.91765246064846338e+01 -5.06798207965334768e+00 3.81349503042708307e+01 2.06975223356096194e-01 3.70829364172078556e+02 3.95687465055328289e+01 -1.91564332664300423e+01 3.36143355649791886e+02 3.49841402993042323e+02 1.63079890387300594e+02 3.27671340891421607e+02 6.26398531669444196e+01 3.85615488962707218e+01 3.62258218108910341e+02 5.72456598683538687e+00 -1.74402166549987271e+02
0
0
1 0
0 4 5 6 8 10 10 10 10 10 13 14 15 15 15 18 19 20 20 20 22 22 22 24 24 24
9 14 1 2 3 4 5 6 7 8 19 10 11 12 13 22 15 16 17 18 20 21 23 24
1 25 1 -3.82042591361676784e+02 -3.78188940715297065e+02 -3.75712102636585428e+02 -3.79831932865360159e+02 -3.70720314717729309e+02 -3.78869142144662874e+02 -3.80908659666727999e+02 -3.76865435696631494e+02 -3.72265202268645680e+02 -4.01219115968161418e+02 -4.02433447401435046e+02 -3.56753676938799231e+02 -4.01335473288315370e+02 6.41320528200421721e-317 -3.42473844856143955e+02 -3.57776627476194278e+02 -4.81260708936621435e-07 6.41319342442871702e-317 6.41318156685321683e-317 -6.39595127734974724e+01 6.41316970927771664e-317 6.41315785170221645e-317 6.41314599412671626e-317 6.41313413655121607e-317 6.41312227897571588e-317
custom
2.00000000000000011e-01 3.00000000000000000e+00
2.00000000000000011e-01 3.00000000000000000e+00
TASMANIAN SG end
