TASMANIAN SG 4.0
WARNING: do not edit this manually
localpolynomial
2 1 1 3
localp
1 2 25 0 0 0 1 0 2 0 3 0 4 0 5 0 6 0 7 0 8 1 0 1 1 1 2 1 3 1 4 2 0 2 1 2 2 2 3 2 4 3 0 3 1 3 2 4 0 4 1 4 2
1  -4.65727793296104664e+02 5.86902918900932491e+00 9.44531491605641804e+00 1.74990638617373406e-01 1.38244710022268009e+01 8.40847295643811776e-02 1.78914094897208997e-02 -9.80623676379764220e-01 2.00196632328299984e+00 -3.30023036677435471e+01 -5.98718954906968293e+00 6.96233588986641507e+01 1.15361532741616202e-01 4.45371289054261126e+02 6.95177099687286955e+01 -3.07541467432481568e+01 3.86764767871866695e+02 4.08477651465878012e+02 1.84280570931187611e+02 4.18269432357393555e+02 6.10840783581083429e+01 1.97025184071944182e+01 4.30968938311740317e+02 9.50804418261475348e+00 -2.01760680760444870e+02
0
0
1 0
0 4 5 6 8 10 10 10 10 10 13 14 15 15 15 18 19 20 20 20 22 22 22 24 24 24
9 14 1 2 3 4 5 6 7 8 19 10 11 12 13 22 15 16 17 18 20 21 23 24
1 25 1 -4.65727793296104664e+02 -4.59858764107095340e+02 -4.56282478380048246e+02 -4.62618288062982629e+02 -4.47180664835849655e+02 -4.61154441355474603e+02 -4.64155149270053926e+02 -4.57434852742356952e+02 -4.49729605284665979e+02 -4.98730096963848212e+02 -4.98848257323908570e+02 -4.19661423149127643e+02 -4.98498824972519401e+02 2.12199579145933796e-314 -3.96210083327375969e+02 -4.21095200881614801e+02 -5.39452838718365785e-07 2.12199579145933796e-314 2.12199579145933796e-314 -6.39595127725828689e+01 2.12199579145933796e-314 2.12199579145933796e-314 2.12199579145933796e-314 0.00000000000000000e+00 1.06701809154487015e+00
custom
2.00000000000000011e-01 3.00000000000000000e+00
2.00000000000000011e-01 3.00000000000000000e+00
TASMANIAN SG end
