TASMANIAN SG 4.0
WARNING: do not edit this manually
localpolynomial
2 1 1 3
localp
1 2 25 0 0 0 1 0 2 0 3 0 4 0 5 0 6 0 7 0 8 1 0 1 1 1 2 1 3 1 4 2 0 2 1 2 2 2 3 2 4 3 0 3 1 3 2 4 0 4 1 4 2
1  -4.26770566695203968e+02 5.00651851541169890e+00 7.92827203366613276e+00 2.22980136830472020e-01 1.11520881396413074e+01 1.08998726844731664e-01 2.26116659079593774e-02 -7.30469961603262163e-01 1.46809283545900371e+00 -2.83398504552969257e+01 -5.60493484299661304e+00 5.42925341826395993e+01 1.54521781729783925e-01 4.12847925902706663e+02 5.25547756190835571e+01 -2.53741870278144006e+01 3.66287518561193565e+02 3.84176645195491290e+02 1.75955807639049226e+02 3.76980979149354937e+02 6.17554616795841298e+01 2.88849736485115614e+01 4.00493178885662189e+02 7.68057499849550140e+00 -1.90005013222718048e+02
0
0
1 0
0 4 5 6 8 10 10 10 10 10 13 14 15 15 15 18 19 20 20 20 22 22 22 24 24 24
9 14 1 2 3 4 5 6 7 8 19 10 11 12 13 22 15 16 17 18 20 21 23 24
1 25 1 -4.26770566695203968e+02 -4.21764048179792269e+02 -4.18842294661537835e+02 -4.24044327300667646e+02 -4.11654342538729566e+02 -4.22795189013385198e+02 -4.25384835332027876e+02 -4.19942924578570000e+02 -4.13780225764674697e+02 -4.55110417150500894e+02 -4.55708833478085808e+02 -3.92889610934195161e+02 -4.55032123395733095e+02 2.12199579145933796e-314 -3.74215791076120411e+02 -3.94583459588523112e+02 -4.81260708936621435e-07 2.12199579145933796e-314 2.12199579145933796e-314 -6.39595127734974724e+01 2.12199579145933796e-314 2.12199579145933796e-314 2.12199579145933796e-314 0.00000000000000000e+00 1.06701809154487015e+00
custom
2.00000000000000011e-01 3.00000000000000000e+00
2.00000000000000011e-01 3.00000000000000000e+00
TASMANIAN SG end
