TASMANIAN SG 4.0
WARNING: do not edit this manually
localpolynomial
2 1 1 3
localp
1 2 25 0 0 0 1 0 2 0 3 0 4 0 5 0 6 0 7 0 8 1 0 1 1 1 2 1 3 1 4 2 0 2 1 2 2 2 3 2 4 3 0 3 1 3 2 4 0 4 1 4 2
1  -4.18869321651445603e+02 4.31013421093615534e+00 8.27117809908787649e+00 4.92053282460688024e-01 1.13008392073725190e+01 2.59300563453166433e-01 4.20263526204962545e-02 -7.47174863136706335e-01 1.49969877363497517e+00 -3.73085133377836655e+01 -6.59673759355035827e+00 5.53118891788435008e+01 2.91637775180191738e-01 4.13085462142891060e+02 4.40043738007495904e+01 -2.53406604121099122e+01 3.66593768911984625e+02 3.84888157668822146e+02 1.76131635137787271e+02 3.73564065552491002e+02 6.29477473536854291e+01 2.80323900793368352e+01 3.96867134751070807e+02 8.36019599511882916e+00 -1.91568062555080189e+02
0
0
1 0
0 4 5 6 8 10 10 10 10 10 13 14 15 15 15 18 19 20 20 20 22 22 22 24 24 24
9 14 1 2 3 4 5 6 7 8 19 10 11 12 13 22 15 16 17 18 20 21 23 24
1 25 1 -4.18869321651445603e+02 -4.14559187440509447e+02 -4.10598143552357726e+02 -4.16222201263516808e+02 -4.03432893394529117e+02 -4.15131393788559990e+02 -4.17503735104860709e+02 -4.11898282386124095e+02 -4.05515819699808446e+02 -4.56177834989229268e+02 -4.58464438371843471e+02 -3.92594767711297891e+02 -4.56537445622895461e+02 1.42287072052867277e-316 -3.74864947850696012e+02 -3.95895474051869769e+02 -8.39623535449505783e-07 1.42286953477112275e-316 1.42286834901357273e-316 -6.39595127678464479e+01 1.42286716325602271e-316 1.42286597749847269e-316 1.42286479174092267e-316 1.42286360598337265e-316 1.42286242022582263e-316
custom
2.00000000000000011e-01 3.00000000000000000e+00
2.00000000000000011e-01 3.00000000000000000e+00
TASMANIAN SG end
