TASMANIAN SG 4.0
WARNING: do not edit this manually
localpolynomial
2 1 1 3
localp
1 2 25 0 0 0 1 0 2 0 3 0 4 0 5 0 6 0 7 0 8 1 0 1 1 1 2 1 3 1 4 2 0 2 1 2 2 2 3 2 4 3 0 3 1 3 2 4 0 4 1 4 2
1  -3.42375360816652563e+00 -6.63991697497723177e+00 1.74815535083149332e+00 1.62906451064272817e+00 1.47641773798364628e-01 9.49128328450589365e-01 1.31007397494066424e-01 5.02742340390343045e-02 2.63824021878615866e-02 -6.63991697449618901e+00 -4.76147308746628806e+00 1.00969471010397527e+00 1.25743923865109419e+00 8.53710377839661660e+00 1.74815535102732378e+00 1.00969471042106340e+00 4.98750432372020924e+00 2.86164487877455764e+00 -1.83987335393501406e+00 -4.26388912428769995e+00 2.00282547384126950e+01 8.75459851381883780e+00 2.54967593265286396e+00 6.13506961976669807e+00 -4.24190751269159794e+00
0
0
1 0
0 4 5 6 8 10 10 10 10 10 13 14 15 15 15 18 19 20 20 20 22 22 22 24 24 24
9 14 1 2 3 4 5 6 7 8 19 10 11 12 13 22 15 16 17 18 20 21 23 24
1 25 1 -3.42375360816652563e+00 -1.00636705831437574e+01 -1.67559825733503232e+00 -5.11464758501241334e+00 -2.40203415895241434e+00 -6.64003075562749601e+00 -4.13819319909540351e+00 -2.86261964952043613e+00 -2.01243380595586174e+00 -1.00636705826627146e+01 -2.14650606451062345e+01 -7.30582052172724605e+00 -1.28778618645906526e+01 1.42287072052867277e-316 -1.67559825713920185e+00 -7.30582052169537022e+00 5.06006141741250115e+00 1.42286953477112275e-316 1.42286834901357273e-316 -1.10076012197023196e+01 1.42286716325602271e-316 1.42286597749847269e-316 1.42286479174092267e-316 1.42286360598337265e-316 1.42286242022582263e-316
custom
2.00000000000000011e-01 3.00000000000000000e+00
2.00000000000000011e-01 3.00000000000000000e+00
TASMANIAN SG end
