TASMANIAN SG 4.0
WARNING: do not edit this manually
localpolynomial
2 1 1 3
localp
1 2 25 0 0 0 1 0 2 0 3 0 4 0 5 0 6 0 7 0 8 1 0 1 1 1 2 1 3 1 4 2 0 2 1 2 2 2 3 2 4 3 0 3 1 3 2 4 0 4 1 4 2
1  -5.33833350604245766e+02 7.32505573983189606e+00 1.41645046329996376e+01 6.57612770422701942e-02 2.08588941270244277e+01 2.97783069611341489e-02 7.03627845359733328e-03 -1.80705629375427179e+00 3.77384428849063625e+00 -6.33851620278273913e+01 -6.42444682941425071e+00 1.16179389155980516e+02 3.58381835831664830e-02 5.11187671610558652e+02 9.94447333403295488e+01 -4.38959424221756080e+01 4.20224110925009768e+02 4.52608299328045860e+02 1.96335415357887086e+02 5.01566418863871263e+02 5.98466804291634844e+01 -8.29468645670169735e+00 4.84110983934080991e+02 1.46229154712558511e+01 -2.23209542003959655e+02
0
0
1 0
0 4 5 6 8 10 10 10 10 10 13 14 15 15 15 18 19 20 20 20 22 22 22 24 24 24
9 14 1 2 3 4 5 6 7 8 19 10 11 12 13 22 15 16 17 18 20 21 23 24
1 25 1 -5.33833350604245766e+02 -5.26508294864413870e+02 -5.19668845971246128e+02 -5.30105061457287547e+02 -5.05892204160721576e+02 -5.28276899853889631e+02 -5.31962169752313116e+02 -5.21669833676237886e+02 -5.09006680777493159e+02 -5.97218512632073157e+02 -5.96317903721655512e+02 -4.66874618843093003e+02 -5.96666608716238898e+02 2.12199579145933796e-314 -4.34388617263916217e+02 -4.70959503946259929e+02 -1.70590681277145769e-06 2.12199579145933796e-314 2.12199579145933796e-314 -6.39595127542882125e+01 2.12199579145933796e-314 2.12199579145933796e-314 2.12199579145933796e-314 0.00000000000000000e+00 1.06701809154487015e+00
custom
2.00000000000000011e-01 3.00000000000000000e+00
2.00000000000000011e-01 3.00000000000000000e+00
TASMANIAN SG end
