TASMANIAN SG 4.0
WARNING: do not edit this manually
localpolynomial
2 1 1 3
localp
1 2 27 0 0 0 1 0 2 0 3 0 4 0 5 0 6 0 7 0 8 1 0 1 1 1 2 1 3 1 4 2 0 2 1 2 2 2 3 2 4 3 0 3 1 3 2 4 0 4 1 4 2 5 0 6 0
1  -1.39923149189933810e+02 -4.63465452583179172e+00 1.69989789868634489e+00 1.28523293775450043e+00 2.36902661451608765e-01 7.32184685322067708e-01 1.04049325305112461e-01 2.65350388532397119e-02 3.09706500001141194e-02 -5.10712218362525050e+00 -4.21405936465930608e+00 1.18062093333165308e+00 9.38768184003606621e-01 1.43353109296098438e+02 1.88895542168626207e+00 5.28223946962725677e-01 1.36334295006535200e+02 1.38802176119927594e+02 6.87801946541851663e+01 7.85171975142678775e+01 7.07011969756400163e+01 6.16693044021263859e+01 1.38978671479090679e+02 4.37054255235042888e+00 -6.98670454019539449e+01 1.04494892070518802e+02 1.01941330978706191e+02
0
0
1 0
0 4 5 6 8 10 10 10 10 10 13 14 15 15 15 18 19 20 20 20 24 24 24 26 26 26 26 26
9 14 1 2 3 4 5 6 7 8 19 10 11 12 13 22 15 16 17 18 25 26 20 21 23 24
1 27 1 -1.39923149189933810e+02 -1.44557803715765601e+02 -1.38223251291247465e+02 -1.40955243515095191e+02 -1.38836297579139028e+02 -1.42024338930108343e+02 -1.40335147027209388e+02 -1.39353188345683179e+02 -1.38498803785193132e+02 -1.45030271373559060e+02 -1.53878985264050158e+02 -1.42149752541541062e+02 -1.47230627197046516e+02 1.42287072052867277e-316 -1.38034193768247547e+02 -1.42140624347116614e+02 -8.63025989507458155e-07 1.42286953477112275e-316 1.42286834901357273e-316 -6.39595127674785573e+01 1.42286716325602271e-316 1.42286597749847269e-316 1.42286479174092267e-316 1.42286360598337265e-316 1.42286242022582263e-316 1.42286123446827261e-316 1.42286004871072260e-316
custom
2.00000000000000011e-01 3.00000000000000000e+00
2.00000000000000011e-01 3.00000000000000000e+00
TASMANIAN SG end
