TASMANIAN SG 4.0
WARNING: do not edit this manually
localpolynomial
2 1 1 3
localp
1 2 25 0 0 0 1 0 2 0 3 0 4 0 5 0 6 0 7 0 8 1 0 1 1 1 2 1 3 1 4 2 0 2 1 2 2 2 3 2 4 3 0 3 1 3 2 4 0 4 1 4 2
1  -5.52878227098799812e+02 7.94972071075801523e+00 1.61422869528250885e+01 4.18603594170008364e-02 2.24545105492596804e+01 1.86237222544605174e-02 4.56652055856920924e-03 -2.08518489907999083e+00 4.29898474277990772e+00 -6.75842323117398109e+01 -6.76905574632223761e+00 1.29355737590560238e+02 2.15093487817057394e-02 5.25258936589587279e+02 1.13290938361062501e+02 -4.72060299737073024e+01 4.23445001303651509e+02 4.59173583009794982e+02 1.97339134060239360e+02 5.22710830481172252e+02 5.93943199359005121e+01 -1.68606429746077424e+01 4.96232757918268589e+02 1.56532942760956075e+01 -2.27864787604650815e+02
0
0
1 0
0 4 5 6 8 10 10 10 10 10 13 14 15 15 15 18 19 20 20 20 22 22 22 24 24 24
9 14 1 2 3 4 5 6 7 8 19 10 11 12 13 22 15 16 17 18 20 21 23 24
1 25 1 -5.52878227098799812e+02 -5.44928506388041797e+02 -5.36735940145974723e+02 -5.48861506384003860e+02 -5.22352573073127587e+02 -5.46876382663768368e+02 -5.50865300220843324e+02 -5.39700584985043747e+02 -5.25245271866771304e+02 -6.20462459410539623e+02 -6.19281794446103845e+02 -4.74964434867154296e+02 -6.19808757220122970e+02 1.90086698005206194e-316 -4.39587288737737310e+02 -4.78843598000686598e+02 -4.81260708936621435e-07 1.90086579429451192e-316 1.90086460853696190e-316 -6.39595127734974724e+01 1.90086342277941188e-316 1.90086223702186186e-316 1.90086105126431184e-316 1.90085986550676182e-316 1.90085867974921180e-316
custom
2.00000000000000011e-01 3.00000000000000000e+00
2.00000000000000011e-01 3.00000000000000000e+00
TASMANIAN SG end
