TASMANIAN SG 4.0
WARNING: do not edit this manually
localpolynomial
2 1 1 3
localp
1 2 25 0 0 0 1 0 2 0 3 0 4 0 5 0 6 0 7 0 8 1 0 1 1 1 2 1 3 1 4 2 0 2 1 2 2 2 3 2 4 3 0 3 1 3 2 4 0 4 1 4 2
1  -4.75023848841843460e+02 6.05065002088701931e+00 1.00214472177955258e+01 1.62166732235448308e-01 1.46492761631902226e+01 7.78767092833732022e-02 1.65958480318977308e-02 -1.07997955066252871e+00 2.21497046780234541e+00 -3.45902788667619916e+01 -6.05059913920570125e+00 7.50962816530925465e+01 1.07171276245310310e-01 4.52405987109971193e+02 7.53204229663998603e+01 -3.22619176632188669e+01 3.89681978125999535e+02 4.12646892964374047e+02 1.85202437040355846e+02 4.28359475502518535e+02 6.09341623214217520e+01 1.63899247283641216e+01 4.37363637358643530e+02 1.00803088107223857e+01 -2.04862436280795293e+02
0
0
1 0
0 4 5 6 8 10 10 10 10 10 13 14 15 15 15 18 19 20 20 20 22 22 22 24 24 24
9 14 1 2 3 4 5 6 7 8 19 10 11 12 13 22 15 16 17 18 20 21 23 24
1 25 1 -4.75023848841843460e+02 -4.68973198820956441e+02 -4.65002401624047934e+02 -4.71836357099164502e+02 -4.55363849069755474e+02 -4.70326901250777098e+02 -4.73413507122472083e+02 -4.66273828506461996e+02 -4.57968154879099302e+02 -5.09614127708605452e+02 -5.09614076826924190e+02 -4.24496398837717379e+02 -5.09344764259284034e+02 1.90086698005206194e-316 -3.99703425875443600e+02 -4.25914693517775447e+02 -5.31648518696109619e-07 1.90086579429451192e-316 1.90086460853696190e-316 -6.39595127727059278e+01 1.90086342277941188e-316 1.90086223702186186e-316 1.90086105126431184e-316 1.90085986550676182e-316 1.90085867974921180e-316
custom
2.00000000000000011e-01 3.00000000000000000e+00
2.00000000000000011e-01 3.00000000000000000e+00
TASMANIAN SG end
