TASMANIAN SG 4.0
WARNING: do not edit this manually
localpolynomial
2 1 1 3
localp
1 2 25 0 0 0 1 0 2 0 3 0 4 0 5 0 6 0 7 0 8 1 0 1 1 1 2 1 3 1 4 2 0 2 1 2 2 2 3 2 4 3 0 3 1 3 2 4 0 4 1 4 2
1  -1.35763390786625735e+02 -2.50292036066147716e+00 7.31575451685529288e-01 5.81330288178037335e-01 8.39192767531926620e-02 3.07778710201546346e-01 5.84180030194829669e-02 2.20083137199367229e-02 1.33030336619412992e-02 -2.61880483139552211e+00 -1.81255398784568911e+00 4.12274478308916059e-01 4.97398277945947598e-01 1.37726351376270827e+02 5.85215464300517851e-01 4.44912172779822868e-01 1.34446598144349423e+02 1.35625849128088021e+02 6.75051692475545337e+01 7.31132804483840175e+01 6.73687101085237998e+01 6.30218000630995050e+01 1.35470783054475476e+02 2.28046427427156573e+00 -6.79548745238602407e+01
0
0
1 0
0 4 5 6 8 10 10 10 10 10 13 14 15 15 15 18 19 20 20 20 22 22 22 24 24 24
9 14 1 2 3 4 5 6 7 8 19 10 11 12 13 22 15 16 17 18 20 21 23 24
1 25 1 -1.35763390786625735e+02 -1.38266311147287212e+02 -1.35031815334940205e+02 -1.36433520678778450e+02 -1.35313683784029763e+02 -1.37042137202831270e+02 -1.36040037729682609e+02 -1.35516528971607812e+02 -1.35159446525823057e+02 -1.38382195618021257e+02 -1.42697669966528423e+02 -1.37238345688026811e+02 -1.39461204226150869e+02 6.41320528200421721e-317 -1.35178175322325217e+02 -1.37236183510206871e+02 -1.72629027564316342e-06 6.41319342442871702e-317 6.41318156685321683e-317 -6.39595127539394852e+01 6.41316970927771664e-317 6.41315785170221645e-317 6.41314599412671626e-317 6.41313413655121607e-317 6.41312227897571588e-317
custom
2.00000000000000011e-01 3.00000000000000000e+00
2.00000000000000011e-01 3.00000000000000000e+00
TASMANIAN SG end
