TASMANIAN SG 4.0
WARNING: do not edit this manually
localpolynomial
2 1 1 3
localp
1 2 25 0 0 0 1 0 2 0 3 0 4 0 5 0 6 0 7 0 8 1 0 1 1 1 2 1 3 1 4 2 0 2 1 2 2 2 3 2 4 3 0 3 1 3 2 4 0 4 1 4 2
1  -5.06948289390194418e+02 6.94243026728833001e+00 1.22239260310931286e+01 1.09156035026899190e-01 1.79469799755089525e+01 5.11226550624428455e-02 1.13527943067879278e-02 -1.44825274120489667e+00 2.99609820797502380e+00 -5.01723666736365885e+01 -6.41674621817230673e+00 9.59813620362764937e+01 6.68172655735475018e-02 4.85071032054637271e+02 8.67197233081431023e+01 -3.86777419096491144e+01 4.08004639519309649e+02 4.35987065868204809e+02 1.92167303331340975e+02 4.68074959954306792e+02 6.02254556145037441e+01 3.74490572347451689e+00 4.63588427736122867e+02 1.23964406875362556e+01 -2.16226245790747953e+02
0
0
1 0
0 4 5 6 8 10 10 10 10 10 13 14 15 15 15 18 19 20 20 20 22 22 22 24 24 24
9 14 1 2 3 4 5 6 7 8 19 10 11 12 13 22 15 16 17 18 20 21 23 24
1 25 1 -5.06948289390194418e+02 -5.00005859122906088e+02 -4.94724363359101289e+02 -5.03367918221523382e+02 -4.82889346399138901e+02 -5.01635766017152264e+02 -5.05146751011552112e+02 -4.96367070635871585e+02 -4.85810756671145100e+02 -5.57120656063831007e+02 -5.56594972014715040e+02 -4.48915367996461384e+02 -5.56681840738672577e+02 1.90086698005206194e-316 -4.20228566082051316e+02 -4.51963877724412100e+02 -5.31648518696109619e-07 1.90086579429451192e-316 1.90086460853696190e-316 -6.39595127727059278e+01 1.90086342277941188e-316 1.90086223702186186e-316 1.90086105126431184e-316 1.90085986550676182e-316 1.90085867974921180e-316
custom
2.00000000000000011e-01 3.00000000000000000e+00
2.00000000000000011e-01 3.00000000000000000e+00
TASMANIAN SG end
