TASMANIAN SG 4.0
WARNING: do not edit this manually
localpolynomial
2 1 1 3
localp
1 2 25 0 0 0 1 0 2 0 3 0 4 0 5 0 6 0 7 0 8 1 0 1 1 1 2 1 3 1 4 2 0 2 1 2 2 2 3 2 4 3 0 3 1 3 2 4 0 4 1 4 2
1  -4.95545743362781536e+02 6.51438905145090530e+00 1.08704596160987421e+01 1.37194216987495565e-01 1.61265274838888217e+01 6.48653595980590580e-02 1.41646610591692479e-02 -1.22129321369772015e+00 2.51725037990041756e+00 -3.78259753518526622e+01 -6.25810056036561946e+00 8.36392907178191081e+01 8.61256283822058322e-02 4.69990316063786452e+02 8.40963625838547841e+01 -3.52565933147877786e+01 4.00578920631179471e+02 4.25683288693607665e+02 1.89598163171398824e+02 4.50499218266001947e+02 6.05741740014378252e+01 1.12694077976976246e+01 4.53497562070854144e+02 1.11139076059429840e+01 -2.10092901840143611e+02
0
0
1 0
0 4 5 6 8 10 10 10 10 10 13 14 15 15 15 18 19 20 20 20 22 22 22 24 24 24
9 14 1 2 3 4 5 6 7 8 19 10 11 12 13 22 15 16 17 18 20 21 23 24
1 25 1 -4.95545743362781536e+02 -4.89031354311330631e+02 -4.84675283746682794e+02 -4.92151354620068616e+02 -4.73983986070843343e+02 -4.90526489106101565e+02 -4.93834384330365879e+02 -4.85986157930510160e+02 -4.76812384528862651e+02 -5.33371718714634198e+02 -5.33115430223548856e+02 -4.38861968380716348e+02 -5.33020254623721826e+02 2.12199579145933796e-314 -4.11449380778926752e+02 -4.40191585042263625e+02 -5.31648518696109619e-07 2.12199579145933796e-314 2.12199579145933796e-314 -6.39595127727059278e+01 2.12199579145933796e-314 2.12199579145933796e-314 2.12199579145933796e-314 0.00000000000000000e+00 1.06701809154487015e+00
custom
2.00000000000000011e-01 3.00000000000000000e+00
2.00000000000000011e-01 3.00000000000000000e+00
TASMANIAN SG end
