TASMANIAN SG 4.0
WARNING: do not edit this manually
localpolynomial
2 1 1 3
localp
1 2 27 0 0 0 1 0 2 0 3 0 4 0 5 0 6 0 7 0 8 1 0 1 1 1 2 1 3 1 4 2 0 2 1 2 2 2 3 2 4 3 0 3 1 3 2 4 0 4 1 4 2 5 0 6 0
1  1.13724240111896280e+00 -3.55429050469346031e+00 9.57204965925092521e-01 7.84149707977521482e-01 9.07939537598856372e-02 4.23340746180253857e-01 8.03614696828141017e-02 3.16413036039926432e-02 1.57387000722473136e-02 -3.55429050469605912e+00 -2.25155808032101845e+00 4.39440993556642567e-01 6.93377064644256969e-01 1.62793117007634303e+00 9.57204965905690264e-01 4.39440993667549407e-01 -2.99462665743960610e+00 -1.32117231948921909e+00 -1.16653047502728202e+00 -3.03740327568052360e-01 5.62371272365108865e+00 -2.33282283906294685e-01 -1.61584488407180782e+00 3.33457000785968560e+00 5.40108362794710306e-01 1.68034564118710761e+00 -9.67996111609219501e-02
0
0
1 0
0 4 5 6 8 10 10 10 10 10 13 14 15 15 15 18 19 20 20 20 24 24 24 26 26 26 26 26
9 14 1 2 3 4 5 6 7 8 19 10 11 12 13 22 15 16 17 18 25 26 20 21 23 24
1 27 1 1.13724240111896280e+00 -2.41704810357449773e+00 2.09444736704405532e+00 1.44246856749754043e-01 1.70663883784139481e+00 -7.13059877232117834e-01 7.21106098617172675e-01 1.45358192308417156e+00 1.91628180251497238e+00 -2.41704810357709654e+00 -8.22289668859157530e+00 -1.02040214409536123e+00 -3.84244562346255725e+00 9.49124216064551664e-317 2.09444736702465306e+00 -1.02040214400125784e+00 5.70256755101398866e-02 9.49123030307001645e-317 9.49121844549451626e-317 -9.43643178797119120e-01 9.49120658791901607e-317 9.49119473034351588e-317 9.49118287276801569e-317 9.49117101519251550e-317 9.49115915761701531e-317 9.49114730004151512e-317 9.49113544246601493e-317
custom
2.00000000000000011e-01 3.00000000000000000e+00
2.00000000000000011e-01 3.00000000000000000e+00
TASMANIAN SG end
