TASMANIAN SG 4.0
WARNING: do not edit this manually
localpolynomial
2 1 1 3
localp
1 2 25 0 0 0 1 0 2 0 3 0 4 0 5 0 6 0 7 0 8 1 0 1 1 1 2 1 3 1 4 2 0 2 1 2 2 2 3 2 4 3 0 3 1 3 2 4 0 4 1 4 2
1  -5.36147155639583616e+02 7.62932690889476817e+00 1.44534005382124633e+01 6.57612745569622348e-02 2.08385343009449571e+01 2.97783153376940390e-02 7.03627416419294605e-03 -1.81922436114268748e+00 3.77258212351750899e+00 -6.14751726252994786e+01 -6.67611404852527812e+00 1.15906711215232917e+02 3.58382006097599515e-02 5.11603738087215447e+02 1.01757003888751967e+02 -4.42308303166952328e+01 4.19936749817088014e+02 4.52625142180174919e+02 1.96356542272236481e+02 5.02925229193080156e+02 5.96682428745210132e+01 -8.44724338667572283e+00 4.85268653695207604e+02 1.44860882494529051e+01 -2.24421775446756442e+02
0
0
1 0
0 4 5 6 8 10 10 10 10 10 13 14 15 15 15 18 19 20 20 20 22 22 22 24 24 24
9 14 1 2 3 4 5 6 7 8 19 10 11 12 13 22 15 16 17 18 20 21 23 24
1 25 1 -5.36147155639583616e+02 -5.28517828730688848e+02 -5.21693755101371153e+02 -5.32266730910579327e+02 -5.08081921069532484e+02 -5.30362501505296336e+02 -5.34199907000917278e+02 -5.23933762715700709e+02 -5.11115255961934338e+02 -5.97622328264883095e+02 -5.96669115404513605e+02 -4.67262216511437714e+02 -5.97044122359531684e+02 6.41320528200421721e-317 -4.34390151750831649e+02 -4.70991655158632113e+02 -1.39553116229247093e-06 6.41319342442871702e-317 6.41318156685321683e-317 -6.39595127591531849e+01 6.41316970927771664e-317 6.41315785170221645e-317 6.41314599412671626e-317 6.41313413655121607e-317 6.41312227897571588e-317
custom
2.00000000000000011e-01 3.00000000000000000e+00
2.00000000000000011e-01 3.00000000000000000e+00
TASMANIAN SG end
