TASMANIAN SG 4.0
WARNING: do not edit this manually
localpolynomial
2 1 1 3
localp
1 2 27 0 0 0 1 0 2 0 3 0 4 0 5 0 6 0 7 0 8 1 0 1 1 1 2 1 3 1 4 2 0 2 1 2 2 2 3 2 4 3 0 3 1 3 2 4 0 4 1 4 2 5 0 6 0
1  -4.95545743369375600e+02 6.51438905523252743e+00 1.08704596241709623e+01 1.37194221137917793e-01 1.61265274877466709e+01 6.48653672305954387e-02 1.41646658554464011e-02 -1.22129321111577838e+00 2.51725038104268606e+00 -3.78259753463377137e+01 -6.25810054526857584e+00 8.36392907107057226e+01 8.61256174312643452e-02 4.69990316060528301e+02 8.40963625919270612e+01 -3.52565933201682924e+01 4.00578919757746405e+02 4.25683288688778532e+02 1.89598163598743156e+02 4.50499218283391258e+02 6.05741739765549596e+01 1.12694077796293755e+01 4.53497562073412041e+02 1.11139076048516472e+01 -2.11159919503044165e+02 2.98665615737433257e+02 2.79752628064264400e+02
0
0
1 0
0 4 5 6 8 10 10 10 10 10 13 14 15 15 15 18 19 20 20 20 24 24 24 26 26 26 26 26
9 14 1 2 3 4 5 6 7 8 19 10 11 12 13 22 15 16 17 18 25 26 20 21 23 24
1 27 1 -4.95545743369375600e+02 -4.89031354314143073e+02 -4.84675283745204638e+02 -4.92151354620621419e+02 -4.73983986069543448e+02 -4.90526489100151650e+02 -4.93834384329143063e+02 -4.85986157930575303e+02 -4.76812384526331357e+02 -5.33371718715713314e+02 -5.33115430205749362e+02 -4.38861968380836629e+02 -5.33020254622162042e+02 9.49124216064551664e-317 -4.11449380777448539e+02 -4.40191585042384304e+02 -1.39553116229247093e-06 9.49123030307001645e-317 9.49121844549451626e-317 -6.39595127591531849e+01 9.49120658791901607e-317 9.49119473034351588e-317 9.49118287276801569e-317 9.49117101519251550e-317 9.49115915761701531e-317 9.49114730004151512e-317 9.49113544246601493e-317
custom
2.00000000000000011e-01 3.00000000000000000e+00
2.00000000000000011e-01 3.00000000000000000e+00
TASMANIAN SG end
