TASMANIAN SG 4.0
WARNING: do not edit this manually
localpolynomial
2 1 1 3
localp
1 2 27 0 0 0 1 0 2 0 3 0 4 0 5 0 6 0 7 0 8 1 0 1 1 1 2 1 3 1 4 2 0 2 1 2 2 2 3 2 4 3 0 3 1 3 2 4 0 4 1 4 2 5 0 6 0
1  -2.43007667422889938e+02 2.52064729761684703e-01 2.82247816501245552e+00 4.58326345493787812e-01 2.10744693206393663e+00 2.37429284943971197e-01 4.59542005228286143e-02 -8.21791189895861862e-02 1.71517062816178623e-01 -4.18653474023963668e+00 -3.26900473898697896e+00 8.61985883729991542e+00 3.71343355892136628e-01 2.39365586729909438e+02 1.24439775772082726e+01 -5.42046563993764607e+00 2.27741211183018123e+02 2.32689563955275844e+02 1.13174398239602439e+02 1.81141422019769948e+02 6.53419504129715847e+01 5.68271051895773667e+01 2.36785678634285802e+02 2.45816809020715255e+00 -1.16693083756521517e+02 1.55576857468184699e+02 1.53483590098064866e+02
0
0
1 0
0 4 5 6 8 10 10 10 10 10 13 14 15 15 15 18 19 20 20 20 24 24 24 26 26 26 26 26
9 14 1 2 3 4 5 6 7 8 19 10 11 12 13 22 15 16 17 18 25 26 20 21 23 24
1 27 1 -2.43007667422889938e+02 -2.42755602693128253e+02 -2.40185189257877482e+02 -2.42423308712515308e+02 -2.39488981408319773e+02 -2.42352026417877795e+02 -2.42669533867179808e+02 -2.41330503534594470e+02 -2.39665568270282421e+02 -2.47194202163129575e+02 -2.50211142172354869e+02 -2.35751865160817204e+02 -2.47873002466356297e+02 6.41320528200421721e-317 -2.30563689845681665e+02 -2.35732090755857627e+02 -4.97651090029666425e-07 6.41319342442871702e-317 6.41318156685321683e-317 -6.39595127732398012e+01 6.41316970927771664e-317 6.41315785170221645e-317 6.41314599412671626e-317 6.41313413655121607e-317 6.41312227897571588e-317 6.41311042140021569e-317 6.41309856382471550e-317
custom
2.00000000000000011e-01 3.00000000000000000e+00
2.00000000000000011e-01 3.00000000000000000e+00
TASMANIAN SG end
