TASMANIAN SG 4.0
WARNING: do not edit this manually
localpolynomial
2 1 1 3
localp
1 2 25 0 0 0 1 0 2 0 3 0 4 0 5 0 6 0 7 0 8 1 0 1 1 1 2 1 3 1 4 2 0 2 1 2 2 2 3 2 4 3 0 3 1 3 2 4 0 4 1 4 2
1  -1.80337869811380841e+02 -1.30314709516343896e+00 1.63740100036804392e+00 5.23733712963036169e-01 1.00791117954000242e+00 2.75439641484467757e-01 5.25607057552690549e-02 -2.68108974296126235e-02 8.95068118489916742e-02 -4.70980037577697885e+00 -2.43214542573608128e+00 4.23088959507356321e+00 4.42466239482186552e-01 1.81105613709897000e+02 4.38365310459832358e+00 -2.17880594424588026e+00 1.74316815174766049e+02 1.77171459513524155e+02 8.69691974396754546e+01 1.18733257226563410e+02 6.64787325807373861e+01 6.02066669748010952e+01 1.78146043259081694e+02 2.39255006728637909e+00 -8.87958085877510825e+01
0
0
1 0
0 4 5 6 8 10 10 10 10 10 13 14 15 15 15 18 19 20 20 20 22 22 22 24 24 24
9 14 1 2 3 4 5 6 7 8 19 10 11 12 13 22 15 16 17 18 20 21 23 24
1 25 1 -1.80337869811380841e+02 -1.81641016906544280e+02 -1.78700468811012797e+02 -1.80465709645999510e+02 -1.78511258131656831e+02 -1.80777923634787413e+02 -1.80349229022934907e+02 -1.79451374868948420e+02 -1.78516356659485808e+02 -1.85047670187157820e+02 -1.88782962708057340e+02 -1.79179379591716213e+02 -1.85949116495162343e+02 1.90086698005206194e-316 -1.75954216706782518e+02 -1.79436169746191837e+02 -5.31648417956118828e-07 1.90086579429451192e-316 1.90086460853696190e-316 -6.39595127727059136e+01 1.90086342277941188e-316 1.90086223702186186e-316 1.90086105126431184e-316 1.90085986550676182e-316 1.90085867974921180e-316
custom
2.00000000000000011e-01 3.00000000000000000e+00
2.00000000000000011e-01 3.00000000000000000e+00
TASMANIAN SG end
