TASMANIAN SG 4.0
WARNING: do not edit this manually
localpolynomial
2 1 1 3
localp
1 2 25 0 0 0 1 0 2 0 3 0 4 0 5 0 6 0 7 0 8 1 0 1 1 1 2 1 3 1 4 2 0 2 1 2 2 2 3 2 4 3 0 3 1 3 2 4 0 4 1 4 2
1  -3.82042591364252246e+02 3.85365064588012274e+00 6.33048872919033556e+00 2.83833173645405168e-01 8.15703228095827626e+00 1.41294649030953678e-01 2.86024475510657794e-02 -4.83982657582714637e-01 9.51006410718321149e-01 -1.91765246052508473e+01 -5.06798206374094207e+00 3.81349503014534434e+01 2.06975218633715485e-01 3.70829364173222871e+02 3.95687465096319215e+01 -1.91564332675141600e+01 3.36143354729898817e+02 3.49841402991791881e+02 1.63079890844117443e+02 3.27671340907724471e+02 6.26398531451435474e+01 3.85615488792361134e+01 3.62258218109436257e+02 5.72456598787698567e+00 -1.74402166094139716e+02
0
0
1 0
0 4 5 6 8 10 10 10 10 10 13 14 15 15 15 18 19 20 20 20 22 22 22 24 24 24
9 14 1 2 3 4 5 6 7 8 19 10 11 12 13 22 15 16 17 18 20 21 23 24
1 25 1 -3.82042591364252246e+02 -3.78188940718372123e+02 -3.75712102635061910e+02 -3.79831932867666751e+02 -3.70720314718698830e+02 -3.78869142143988540e+02 -3.80908659668408404e+02 -3.76865435699058196e+02 -3.72265202266162078e+02 -4.01219115969503093e+02 -4.02433447387363913e+02 -3.56753676938859314e+02 -4.01335473286154411e+02 6.41320528200421721e-317 -3.42473844854620324e+02 -3.57776627476254362e+02 -1.39553116229247093e-06 6.41319342442871702e-317 6.41318156685321683e-317 -6.39595127591531849e+01 6.41316970927771664e-317 6.41315785170221645e-317 6.41314599412671626e-317 6.41313413655121607e-317 6.41312227897571588e-317
custom
2.00000000000000011e-01 3.00000000000000000e+00
2.00000000000000011e-01 3.00000000000000000e+00
TASMANIAN SG end
