TASMANIAN SG 4.0
WARNING: do not edit this manually
localpolynomial
2 1 1 3
localp
1 2 25 0 0 0 1 0 2 0 3 0 4 0 5 0 6 0 7 0 8 1 0 1 1 1 2 1 3 1 4 2 0 2 1 2 2 2 3 2 4 3 0 3 1 3 2 4 0 4 1 4 2
1  -3.22182801051060096e+02 1.09558038022134951e+00 5.21040385887266666e+00 7.97004531599554866e-01 5.19797738087561356e+00 4.35724570905790642e-01 6.59965649841751656e-02 -2.71844884115296281e-01 5.28861920078838921e-01 -1.47272917036876834e+01 -5.86648624789654605e+00 2.33356807079273381e+01 5.23240156900499187e-01 3.17439073090472107e+02 2.41534710280553782e+01 -1.22799963359229878e+01 2.92818925324508541e+02 3.02824533469255982e+02 1.43816688050438472e+02 2.65586934135057504e+02 6.57971755115733572e+01 4.70812685550101264e+01 3.10106065537032407e+02 5.04441778774014438e+00 -1.51619866521126937e+02
0
0
1 0
0 4 5 6 8 10 10 10 10 10 13 14 15 15 15 18 19 20 20 20 22 22 22 24 24 24
9 14 1 2 3 4 5 6 7 8 19 10 11 12 13 22 15 16 17 18 20 21 23 24
1 25 1 -3.22182801051060096e+02 -3.21087220670838747e+02 -3.16972397192187429e+02 -3.20838006329349867e+02 -3.14379621740748178e+02 -3.20526888929188544e+02 -3.21444407125220778e+02 -3.18553056280019405e+02 -3.15147147546388965e+02 -3.36910092754747780e+02 -3.41680998622422976e+02 -3.08364008187947775e+02 -3.37975301000085324e+02 1.42287072052867277e-316 -2.98029330023004718e+02 -3.09213745978706356e+02 -8.39623535449505783e-07 1.42286953477112275e-316 1.42286834901357273e-316 -6.39595127678464479e+01 1.42286716325602271e-316 1.42286597749847269e-316 1.42286479174092267e-316 1.42286360598337265e-316 1.42286242022582263e-316
custom
2.00000000000000011e-01 3.00000000000000000e+00
2.00000000000000011e-01 3.00000000000000000e+00
TASMANIAN SG end
