TASMANIAN SG 4.0
WARNING: do not edit this manually
localpolynomial
2 1 1 3
localp
1 2 25 0 0 0 1 0 2 0 3 0 4 0 5 0 6 0 7 0 8 1 0 1 1 1 2 1 3 1 4 2 0 2 1 2 2 2 3 2 4 3 0 3 1 3 2 4 0 4 1 4 2
1  -5.14822092266882578e+02 6.69446029421840194e+00 1.23493026469584493e+01 2.36975828935214849e-01 1.80984641175718934e+01 1.19039356037319521e-01 2.13777717889342966e-02 -1.45663756979422487e+00 3.01045811089738891e+00 -4.66213806146823799e+01 -6.95052466573201855e+00 9.66014066829871467e+01 1.21355049892940769e-01 4.88869654099020295e+02 9.26020273673050269e+01 -3.89085860523859992e+01 4.09870761412995591e+02 4.38090151949726078e+02 1.93011568752028666e+02 4.74173269806377334e+02 6.07403148064939842e+01 3.30950677939443949e+00 4.68521078583230064e+02 1.27598327319745977e+01 -2.17284683353456217e+02
0
0
1 0
0 4 5 6 8 10 10 10 10 10 13 14 15 15 15 18 19 20 20 20 22 22 22 24 24 24
9 14 1 2 3 4 5 6 7 8 19 10 11 12 13 22 15 16 17 18 20 21 23 24
1 25 1 -5.14822092266882578e+02 -5.08127631972664176e+02 -5.02472789619924129e+02 -5.11237886290838219e+02 -4.90548976825831460e+02 -5.09563719775713821e+02 -5.13008611507071350e+02 -5.04142172116151187e+02 -4.93500425111980405e+02 -5.61443472881564958e+02 -5.61699537253078574e+02 -4.52492763551619362e+02 -5.61213174188493667e+02 1.42287072052867277e-316 -4.22220064899577551e+02 -4.54434190657745148e+02 -8.39623535449505783e-07 1.42286953477112275e-316 1.42286834901357273e-316 -6.39595127678464479e+01 1.42286716325602271e-316 1.42286597749847269e-316 1.42286479174092267e-316 1.42286360598337265e-316 1.42286242022582263e-316
custom
2.00000000000000011e-01 3.00000000000000000e+00
2.00000000000000011e-01 3.00000000000000000e+00
TASMANIAN SG end
