TASMANIAN SG 4.0
WARNING: do not edit this manually
localpolynomial
2 1 1 3
localp
1 2 25 0 0 0 1 0 2 0 3 0 4 0 5 0 6 0 7 0 8 1 0 1 1 1 2 1 3 1 4 2 0 2 1 2 2 2 3 2 4 3 0 3 1 3 2 4 0 4 1 4 2
1  6.44534998986953656e-01 -3.79601589053807098e+00 1.00802165845302438e+00 8.45970579342670725e-01 9.56483974800800274e-02 4.54063966790566265e-01 8.76937299947079252e-02 3.33363321629698284e-02 1.65780838499098859e-02 -3.79601589070596201e+00 -2.35081291970220807e+00 4.67362882243552491e-01 7.22680723979061579e-01 2.31814022389063989e+00 1.00802165858926873e+00 4.67362882217006170e-01 -2.58773284982619378e+00 -8.34200732758360819e-01 -9.58349459369717716e-01 2.31767707099918341e-01 5.99312758965528314e+00 -2.19997860308691728e-01 -1.14854582828158813e+00 3.56233444942956812e+00 2.85844766460072619e-01
0
0
1 0
0 4 5 6 8 10 10 10 10 10 13 14 15 15 15 18 19 20 20 20 22 22 22 24 24 24
9 14 1 2 3 4 5 6 7 8 19 10 11 12 13 22 15 16 17 18 20 21 23 24
1 25 1 6.44534998986953656e-01 -3.15148089155111721e+00 1.65255665743997793e+00 -4.07502366939411109e-01 1.24419422569354587e+00 -1.32542766245469812e+00 2.06210046018479171e-01 9.77700944503219649e-01 1.46495352541667190e+00 -3.15148089171900825e+00 -9.29830970195928685e+00 -1.67609635102243115e+00 -4.65624399351741491e+00 6.41320528200421721e-317 1.65255665757622250e+00 -1.67609635074484231e+00 7.28454662030531275e-02 6.41319342442871702e-317 6.41318156685321683e-317 -1.02170523926610901e+00 6.41316970927771664e-317 6.41315785170221645e-317 6.41314599412671626e-317 6.41313413655121607e-317 6.41312227897571588e-317
custom
2.00000000000000011e-01 3.00000000000000000e+00
2.00000000000000011e-01 3.00000000000000000e+00
TASMANIAN SG end
