TASMANIAN SG 4.0
WARNING: do not edit this manually
localpolynomial
2 1 1 3
localp
1 2 25 0 0 0 1 0 2 0 3 0 4 0 5 0 6 0 7 0 8 1 0 1 1 1 2 1 3 1 4 2 0 2 1 2 2 2 3 2 4 3 0 3 1 3 2 4 0 4 1 4 2
1  -2.39209979547549722e+02 -1.35808747415939024e+00 3.55984866363183983e+00 1.01269294287752132e+00 2.29621166589450354e+00 5.64828166079962557e-01 8.28062991839715323e-02 -8.81427774969552047e-02 1.96671648011033540e-01 -1.21052854917633397e+01 -5.20047847855906298e+00 9.66315607069208227e+00 7.00857483107924395e-01 2.42407551006256597e+02 6.67289058009092173e+00 -5.36464752889145302e+00 2.28977239466894133e+02 2.34885763526106700e+02 1.13972333236301310e+02 1.81303109525542652e+02 6.79178394813276327e+01 5.55680860689108727e+01 2.35873534257504275e+02 4.04041123860508833e+00 -1.18048468397078921e+02
0
0
1 0
0 4 5 6 8 10 10 10 10 10 13 14 15 15 15 18 19 20 20 20 22 22 22 24 24 24
9 14 1 2 3 4 5 6 7 8 19 10 11 12 13 22 15 16 17 18 20 21 23 24
1 25 1 -2.39209979547549722e+02 -2.40568067021709112e+02 -2.35650130883917882e+02 -2.38876330341751896e+02 -2.35133843549839298e+02 -2.39157370515650541e+02 -2.38960348645466865e+02 -2.37260054326191465e+02 -2.35195315568867557e+02 -2.51315265039313061e+02 -2.57873830992031515e+02 -2.38092260304989139e+02 -2.52880997589686842e+02 1.42287072052867277e-316 -2.32537088967458800e+02 -2.39259823970509643e+02 -8.36932822077263735e-07 1.42286953477112275e-316 1.42286834901357273e-316 -6.39595127678887323e+01 1.42286716325602271e-316 1.42286597749847269e-316 1.42286479174092267e-316 1.42286360598337265e-316 1.42286242022582263e-316
custom
2.00000000000000011e-01 3.00000000000000000e+00
2.00000000000000011e-01 3.00000000000000000e+00
TASMANIAN SG end
