TASMANIAN SG 4.0
WARNING: do not edit this manually
localpolynomial
2 1 1 3
localp
1 2 25 0 0 0 1 0 2 0 3 0 4 0 5 0 6 0 7 0 8 1 0 1 1 1 2 1 3 1 4 2 0 2 1 2 2 2 3 2 4 3 0 3 1 3 2 4 0 4 1 4 2
1  -5.20986842353271982e+02 6.95121734908548206e+00 1.29789294631773373e+01 8.40991492236753402e-02 1.96242965437506882e+01 3.86015126717893509e-02 8.88471857467720838e-03 -1.63522821998651580e+00 3.41246477993479402e+00 -5.90626401916484838e+01 -6.24333896724397164e+00 1.07194489245586681e+02 4.80037251727480907e-02 5.00338476646787740e+02 9.16664506120088731e+01 -4.14409825740638667e+01 4.16341461796825058e+02 4.46481175204528597e+02 1.95035899567511194e+02 4.86558649675598758e+02 6.01299649080339123e+01 -2.61666131247324074e+00 4.75153617047267517e+02 1.37692739379464228e+01 -2.20082642270044943e+02
0
0
1 0
0 4 5 6 8 10 10 10 10 10 13 14 15 15 15 18 19 20 20 20 22 22 22 24 24 24
9 14 1 2 3 4 5 6 7 8 19 10 11 12 13 22 15 16 17 18 20 21 23 24
1 25 1 -5.20986842353271982e+02 -5.14035625004186500e+02 -5.08007912890094644e+02 -5.17427134529505565e+02 -4.94873081077932625e+02 -5.15692778254174300e+02 -5.19198103722814039e+02 -5.09565189935588819e+02 -4.98028032204078897e+02 -5.80049482544920465e+02 -5.79341604163078955e+02 -4.59876063836156447e+02 -5.79563440479603287e+02 2.12199579145933796e-314 -4.29320391741263109e+02 -4.63810156966241493e+02 -4.81260708936621435e-07 2.12199579145933796e-314 2.12199579145933796e-314 -6.39595127734974724e+01 2.12199579145933796e-314 2.12199579145933796e-314 2.12199579145933796e-314 0.00000000000000000e+00 1.06701809154487015e+00
custom
2.00000000000000011e-01 3.00000000000000000e+00
2.00000000000000011e-01 3.00000000000000000e+00
TASMANIAN SG end
