TASMANIAN SG 4.0
WARNING: do not edit this manually
localpolynomial
2 1 1 3
localp
1 2 25 0 0 0 1 0 2 0 3 0 4 0 5 0 6 0 7 0 8 1 0 1 1 1 2 1 3 1 4 2 0 2 1 2 2 2 3 2 4 3 0 3 1 3 2 4 0 4 1 4 2
1  -5.14532148345893802e+02 6.99732997802146883e+00 1.21887875645132908e+01 1.07461725668827057e-01 1.80508980488068005e+01 5.00389917974644050e-02 1.12177191916771335e-02 -1.44415518154823985e+00 2.99162075991341680e+00 -4.56684300881182708e+01 -6.44910944663081409e+00 9.60822143650721046e+01 6.42989272744785012e-02 4.88014179420412574e+02 9.25243779771591335e+01 -3.89363489556173477e+01 4.09818982272572839e+02 4.37869818131863781e+02 1.92952987401384803e+02 4.73406850617247017e+02 6.01867375179998021e+01 3.72961802565657763e+00 4.68269959357314235e+02 1.24708444997871766e+01 -2.16031260609254844e+02
0
0
1 0
0 4 5 6 8 10 10 10 10 10 13 14 15 15 15 18 19 20 20 20 22 22 22 24 24 24
9 14 1 2 3 4 5 6 7 8 19 10 11 12 13 22 15 16 17 18 20 21 23 24
1 25 1 -5.14532148345893802e+02 -5.07534818367872333e+02 -5.02343360781380511e+02 -5.10926021631214269e+02 -4.90386856514830356e+02 -5.09180381007745837e+02 -5.12717867269362387e+02 -5.03903657611910262e+02 -4.93373487888192017e+02 -5.60200578434012073e+02 -5.59652357902621361e+02 -4.51929576504426677e+02 -5.59754707515373411e+02 2.12199579145933796e-314 -4.22007770368734668e+02 -4.53946789346330547e+02 -5.31648518696109619e-07 2.12199579145933796e-314 2.12199579145933796e-314 -6.39595127727059278e+01 2.12199579145933796e-314 2.12199579145933796e-314 2.12199579145933796e-314 0.00000000000000000e+00 1.06701809154487015e+00
custom
2.00000000000000011e-01 3.00000000000000000e+00
2.00000000000000011e-01 3.00000000000000000e+00
TASMANIAN SG end
