TASMANIAN SG 4.0
WARNING: do not edit this manually
localpolynomial
2 1 1 3
localp
1 2 25 0 0 0 1 0 2 0 3 0 4 0 5 0 6 0 7 0 8 1 0 1 1 1 2 1 3 1 4 2 0 2 1 2 2 2 3 2 4 3 0 3 1 3 2 4 0 4 1 4 2
1  -1.35764718322017245e+02 -2.50292036016190877e+00 7.31575446662702689e-01 5.81330287659341138e-01 8.39192776586514810e-02 3.07778706869100915e-01 5.84180022589180226e-02 2.20083144227487537e-02 1.33030319172462441e-02 -2.61363651057354218e+00 -1.81255405123599189e+00 4.12274480316796144e-01 4.97398306329941420e-01 1.37722510591442386e+02 5.86542997244691833e-01 4.44912174787702952e-01 1.34446599396849081e+02 1.35625849129800315e+02 6.75051686253580101e+01 7.31120238038065509e+01 6.73687101592773843e+01 6.30218000866763646e+01 1.35471446823394899e+02 2.28046427276805730e+00 -6.68878570535423762e+01
0
0
1 0
0 4 5 6 8 10 10 10 10 10 13 14 15 15 15 18 19 20 20 20 22 22 22 24 24 24
9 14 1 2 3 4 5 6 7 8 19 10 11 12 13 22 15 16 17 18 20 21 23 24
1 25 1 -1.35764718322017245e+02 -1.38267638682179154e+02 -1.35033142875354542e+02 -1.36434848214438858e+02 -1.35315011321027242e+02 -1.37043464741439919e+02 -1.36041365265969148e+02 -1.35517856507099481e+02 -1.35160774066273632e+02 -1.38378354832590787e+02 -1.42693829243988688e+02 -1.37234504905611288e+02 -1.39457363444300455e+02 2.12199579145933796e-314 -1.35178175324772553e+02 -1.37236183510146759e+02 -4.81260760449761591e-07 2.12199579145933796e-314 2.12199579145933796e-314 -6.39595127734974724e+01 2.12199579145933796e-314 2.12199579145933796e-314 2.12199579145933796e-314 0.00000000000000000e+00 1.06701809154487015e+00
custom
2.00000000000000011e-01 3.00000000000000000e+00
2.00000000000000011e-01 3.00000000000000000e+00
TASMANIAN SG end
