TASMANIAN SG 4.0
WARNING: do not edit this manually
localpolynomial
2 1 1 3
localp
1 2 27 0 0 0 1 0 2 0 3 0 4 0 5 0 6 0 7 0 8 1 0 1 1 1 2 1 3 1 4 2 0 2 1 2 2 2 3 2 4 3 0 3 1 3 2 4 0 4 1 4 2 5 0 6 0
1  -2.43007667422598331e+02 2.52064728986624687e-01 2.82247816623015524e+00 4.58326343057137819e-01 2.10744692635617525e+00 2.37429285921763267e-01 4.59541993236314283e-02 -8.21791165556646774e-02 1.71517066647083993e-01 -4.18653474101469669e+00 -3.26900467395202554e+00 8.61985883651172458e+00 3.71343328503442649e-01 2.39365586735885898e+02 1.24439775784259723e+01 -5.42046564072583692e+00 2.27741210282411032e+02 2.32689563956984841e+02 1.13174398693495590e+02 1.81141422033952495e+02 6.53419503671426014e+01 5.68271051746671674e+01 2.36785678633385345e+02 2.45816809137630798e+00 -1.16693083307435671e+02 1.55576857461383099e+02 1.53483590090875765e+02
0
0
1 0
0 4 5 6 8 10 10 10 10 10 13 14 15 15 15 18 19 20 20 20 24 24 24 26 26 26 26 26
9 14 1 2 3 4 5 6 7 8 19 10 11 12 13 22 15 16 17 18 25 26 20 21 23 24
1 27 1 -2.43007667422598331e+02 -2.42755602693611706e+02 -2.40185189256368176e+02 -2.42423308715047881e+02 -2.39488981413127078e+02 -2.42352026418408030e+02 -2.42669533869499475e+02 -2.41330503534418369e+02 -2.39665568268100543e+02 -2.47194202163613028e+02 -2.50211142108578429e+02 -2.35751865160871148e+02 -2.47873002464535148e+02 6.41320528200421721e-317 -2.30563689844172359e+02 -2.35732090755911571e+02 -1.39553116229247093e-06 6.41319342442871702e-317 6.41318156685321683e-317 -6.39595127591531849e+01 6.41316970927771664e-317 6.41315785170221645e-317 6.41314599412671626e-317 6.41313413655121607e-317 6.41312227897571588e-317 6.41311042140021569e-317 6.41309856382471550e-317
custom
2.00000000000000011e-01 3.00000000000000000e+00
2.00000000000000011e-01 3.00000000000000000e+00
TASMANIAN SG end
