TASMANIAN SG 4.0
WARNING: do not edit this manually
localpolynomial
2 1 1 3
localp
1 2 25 0 0 0 1 0 2 0 3 0 4 0 5 0 6 0 7 0 8 1 0 1 1 1 2 1 3 1 4 2 0 2 1 2 2 2 3 2 4 3 0 3 1 3 2 4 0 4 1 4 2
1  -5.33833350602607197e+02 7.32505574078493282e+00 1.41645046292372854e+01 6.57612784348202695e-02 2.08588941269562156e+01 2.97783135360987217e-02 7.03627278960539115e-03 -1.80705629179635707e+00 3.77384429300957436e+00 -6.33851620277609982e+01 -6.42444687511681423e+00 1.16179389158390336e+02 3.58382025206651633e-02 5.11187671609598169e+02 9.94447333365672534e+01 -4.38959424209986651e+01 4.20224111917173275e+02 4.52608299327711904e+02 1.96335414865878477e+02 5.01566418846706142e+02 5.98466804665550853e+01 -8.29468643865089916e+00 4.84110983934323599e+02 1.46229154697143713e+01 -2.23209542496279028e+02
0
0
1 0
0 4 5 6 8 10 10 10 10 10 13 14 15 15 15 18 19 20 20 20 22 22 22 24 24 24
9 14 1 2 3 4 5 6 7 8 19 10 11 12 13 22 15 16 17 18 20 21 23 24
1 25 1 -5.33833350602607197e+02 -5.26508294861822264e+02 -5.19668845973369912e+02 -5.30105061453779854e+02 -5.05892204161032339e+02 -5.28276899844265017e+02 -5.31962169755403920e+02 -5.21669833673616040e+02 -5.09006680774191580e+02 -5.97218512630368195e+02 -5.96317903764700077e+02 -4.66874618842740574e+02 -5.96666608716578594e+02 2.12199579145933796e-314 -4.34388617266039944e+02 -4.70959503946253676e+02 -7.19629385853933233e-07 2.12199579145933796e-314 2.12199579145933796e-314 -6.39595127697815826e+01 2.12199579145933796e-314 2.12199579145933796e-314 2.12199579145933796e-314 0.00000000000000000e+00 1.06701809154487015e+00
custom
2.00000000000000011e-01 3.00000000000000000e+00
2.00000000000000011e-01 3.00000000000000000e+00
TASMANIAN SG end
