TASMANIAN SG 4.0
WARNING: do not edit this manually
localpolynomial
2 1 1 3
localp
1 2 25 0 0 0 1 0 2 0 3 0 4 0 5 0 6 0 7 0 8 1 0 1 1 1 2 1 3 1 4 2 0 2 1 2 2 2 3 2 4 3 0 3 1 3 2 4 0 4 1 4 2
1  2.35332401417126480e+00 -2.97557825056374048e+00 8.32127574959885763e-01 6.39618012205227071e-01 7.88471488997175562e-02 3.49748782452603102e-01 6.25561292264227298e-02 2.74702369598771590e-02 1.36727252153661105e-02 -2.97557825032256762e+00 -1.98791237678271582e+00 3.75595900732885291e-01 6.12038707899130952e-01 -6.04546505948002633e-02 8.32127574962376215e-01 3.75595900950173700e-01 -3.99539090953449794e+00 -2.52507842653208492e+00 -1.68266707074605248e+00 -1.62586445720746697e+00 4.72986400715258437e+00 -2.59595957128842425e-01 -2.76938780165245291e+00 2.78778030008865363e+00 1.16556787980736321e+00
0
0
1 0
0 4 5 6 8 10 10 10 10 10 13 14 15 15 15 18 19 20 20 20 22 22 22 24 24 24
9 14 1 2 3 4 5 6 7 8 19 10 11 12 13 22 15 16 17 18 20 21 23 24
1 25 1 2.35332401417126480e+00 -6.22254236392475790e-01 3.18545158913115056e+00 1.50515290109462163e+00 2.84823495055092524e+00 7.91198114803676078e-01 1.99179458685936606e+00 2.62824971932097240e+00 3.03051599505640379e+00 -6.22254236151302820e-01 -5.58574486349775867e+00 5.85469239541468234e-01 -1.85234282972017339e+00 6.41320528200421721e-317 3.18545158913364101e+00 5.85469239520074236e-01 2.21882545590288589e-02 6.41319342442871702e-317 6.41318156685321683e-317 -7.60329568197485983e-01 6.41316970927771664e-317 6.41315785170221645e-317 6.41314599412671626e-317 6.41313413655121607e-317 6.41312227897571588e-317
custom
2.00000000000000011e-01 3.00000000000000000e+00
2.00000000000000011e-01 3.00000000000000000e+00
TASMANIAN SG end
