TASMANIAN SG 4.0
WARNING: do not edit this manually
localpolynomial
2 1 1 3
localp
1 2 25 0 0 0 1 0 2 0 3 0 4 0 5 0 6 0 7 0 8 1 0 1 1 1 2 1 3 1 4 2 0 2 1 2 2 2 3 2 4 3 0 3 1 3 2 4 0 4 1 4 2
1  -5.08089947055326775e+02 6.99732998245201543e+00 1.21902425187068957e+01 1.07461729070394085e-01 1.80470649251450368e+01 5.00389969286061387e-02 1.12177220296416635e-02 -1.44437847338531355e+00 2.99213125285700698e+00 -5.09549482217690866e+01 -6.44910946273989794e+00 9.60701624898495083e+01 6.42989165273775143e-02 4.86867627847672622e+02 8.60821766862005120e+01 -3.89363489596627232e+01 4.09817527369158654e+02 4.37869818128661279e+02 1.92956820500048423e+02 4.69607908392713853e+02 6.01867375224153420e+01 3.73418900986581548e+00 4.65048858712226547e+02 1.24708444973794030e+01 -2.17099006203286223e+02
0
0
1 0
0 4 5 6 8 10 10 10 10 10 13 14 15 15 15 18 19 20 20 20 22 22 22 24 24 24
9 14 1 2 3 4 5 6 7 8 19 10 11 12 13 22 15 16 17 18 20 21 23 24
1 25 1 -5.08089947055326775e+02 -5.01092617072874759e+02 -4.95899704536619879e+02 -5.04483820335030373e+02 -4.83947760870828290e+02 -5.02738179707023903e+02 -5.06275665973148989e+02 -4.97463232436462874e+02 -4.86931601450867049e+02 -5.59044895277095861e+02 -5.58496674757383744e+02 -4.50784490268539457e+02 -5.58599024371642031e+02 6.41320528200421721e-317 -4.22007770369126263e+02 -4.53946789346336971e+02 -4.81260708936621435e-07 6.41319342442871702e-317 6.41318156685321683e-317 -6.39595127734974724e+01 6.41316970927771664e-317 6.41315785170221645e-317 6.41314599412671626e-317 6.41313413655121607e-317 6.41312227897571588e-317
custom
2.00000000000000011e-01 3.00000000000000000e+00
2.00000000000000011e-01 3.00000000000000000e+00
TASMANIAN SG end
