TASMANIAN SG 4.0
WARNING: do not edit this manually
localpolynomial
2 1 1 3
localp
1 2 25 0 0 0 1 0 2 0 3 0 4 0 5 0 6 0 7 0 8 1 0 1 1 1 2 1 3 1 4 2 0 2 1 2 2 2 3 2 4 3 0 3 1 3 2 4 0 4 1 4 2
1  -1.35764718324884370e+02 -2.50292035988638872e+00 7.31575449544095591e-01 5.81330290614687328e-01 8.39192829228636583e-02 3.07778702029395390e-01 5.84180021002964622e-02 2.20083112860152141e-02 1.33030302929455502e-02 -2.61363651029802213e+00 -1.81255405288052884e+00 4.12274480020840883e-01 4.97398306990490369e-01 1.37722510587477075e+02 5.86543000126084735e-01 4.44912174491747692e-01 1.34446599377561483e+02 1.35625849126840933e+02 6.75051686282826324e+01 7.31120238067935873e+01 6.73687101595664330e+01 6.30218000836852639e+01 1.35471446824821328e+02 2.28046427264052909e+00 -6.68878570467799705e+01
0
0
1 0
0 4 5 6 8 10 10 10 10 10 13 14 15 15 15 18 19 20 20 20 22 22 22 24 24 24
9 14 1 2 3 4 5 6 7 8 19 10 11 12 13 22 15 16 17 18 20 21 23 24
1 25 1 -1.35764718324884370e+02 -1.38267638684770759e+02 -1.35033142875340275e+02 -1.36434848214212877e+02 -1.35315011317189459e+02 -1.37043464747462423e+02 -1.36041365267448327e+02 -1.35517856509750885e+02 -1.35160774065971935e+02 -1.38378354835182392e+02 -1.42693829247949310e+02 -1.37234504905617456e+02 -1.39457363443960674e+02 2.12199579145933796e-314 -1.35178175324758286e+02 -1.37236183510152927e+02 -4.97652703956915538e-07 2.12199579145933796e-314 2.12199579145933796e-314 -6.39595127732398012e+01 2.12199579145933796e-314 2.12199579145933796e-314 2.12199579145933796e-314 0.00000000000000000e+00 1.06701809154487015e+00
custom
2.00000000000000011e-01 3.00000000000000000e+00
2.00000000000000011e-01 3.00000000000000000e+00
TASMANIAN SG end
