TASMANIAN SG 4.0
WARNING: do not edit this manually
localpolynomial
2 1 1 3
localp
1 2 25 0 0 0 1 0 2 0 3 0 4 0 5 0 6 0 7 0 8 1 0 1 1 1 2 1 3 1 4 2 0 2 1 2 2 2 3 2 4 3 0 3 1 3 2 4 0 4 1 4 2
1  -4.31495324849239523e+02 5.00651851781475443e+00 7.92885208896632321e+00 2.22980137473768991e-01 1.11507360628398828e+01 1.08998721644525176e-01 2.26116643620457580e-02 -7.30568362927726866e-01 1.46834358861275405e+00 -2.44358748085168145e+01 -5.60493484461045455e+00 5.42884097910744572e+01 1.54521789549363575e-01 4.13671832654896093e+02 5.72795337735498151e+01 -2.53741870281207298e+01 3.66286938178299351e+02 3.84176645193368927e+02 1.75957159879216988e+02 3.79753749485147125e+02 6.17554616728413066e+01 2.88864557838472820e+01 4.02855557962464616e+02 7.68057499624558204e+00 -1.91072321178115999e+02
0
0
1 0
0 4 5 6 8 10 10 10 10 10 13 14 15 15 15 18 19 20 20 20 22 22 22 24 24 24
9 14 1 2 3 4 5 6 7 8 19 10 11 12 13 22 15 16 17 18 20 21 23 24
1 25 1 -4.31495324849239523e+02 -4.26488806331424769e+02 -4.23566472760273200e+02 -4.28769085452858405e+02 -4.16380162741916479e+02 -4.27519947170497062e+02 -4.30109593486686890e+02 -4.24668312158505728e+02 -4.18504974162482085e+02 -4.55931199657756338e+02 -4.56529615984552038e+02 -3.93713937777715557e+02 -4.55852905894131027e+02 6.41320528200421721e-317 -3.74215791075689708e+02 -3.94583459585995683e+02 -8.08424048083233112e-07 6.41319342442871702e-317 6.41318156685321683e-317 -6.39595127683508053e+01 6.41316970927771664e-317 6.41315785170221645e-317 6.41314599412671626e-317 6.41313413655121607e-317 6.41312227897571588e-317
custom
2.00000000000000011e-01 3.00000000000000000e+00
2.00000000000000011e-01 3.00000000000000000e+00
TASMANIAN SG end
