TASMANIAN SG 4.0
WARNING: do not edit this manually
localpolynomial
2 1 1 3
localp
1 2 25 0 0 0 1 0 2 0 3 0 4 0 5 0 6 0 7 0 8 1 0 1 1 1 2 1 3 1 4 2 0 2 1 2 2 2 3 2 4 3 0 3 1 3 2 4 0 4 1 4 2
1  -5.20986842356139164e+02 6.95121734936105895e+00 1.29789294660587302e+01 8.40991521789646868e-02 1.96242965490148435e+01 3.86015150592129430e-02 8.88472053441091703e-03 -1.63522822307447768e+00 3.41246477831055017e+00 -5.90626402035671845e+01 -6.24333890968898686e+00 1.07194489257138741e+02 4.80037084278706061e-02 5.00338476649092740e+02 9.16664506148903229e+01 -4.14409825743599640e+01 4.16341461777538996e+02 4.46481175201569272e+02 1.95035899570435163e+02 4.86558649684682962e+02 6.01299648787232286e+01 -2.61666132138827834e+00 4.75153617048694002e+02 1.37692739378188662e+01 -2.20082642263283333e+02
0
0
1 0
0 4 5 6 8 10 10 10 10 10 13 14 15 15 15 18 19 20 20 20 22 22 22 24 24 24
9 14 1 2 3 4 5 6 7 8 19 10 11 12 13 22 15 16 17 18 20 21 23 24
1 25 1 -5.20986842356139164e+02 -5.14035625006778105e+02 -5.08007912890080433e+02 -5.17427134529279670e+02 -4.94873081074094955e+02 -5.15692778252969788e+02 -5.19198103722174892e+02 -5.09565189938191565e+02 -4.98028032203777173e+02 -5.80049482559706348e+02 -5.79341604120034276e+02 -4.59876063836508877e+02 -5.79563440479263477e+02 2.12199579145933796e-314 -4.29320391741248841e+02 -4.63810156966247746e+02 -4.97651090029666425e-07 2.12199579145933796e-314 2.12199579145933796e-314 -6.39595127732398012e+01 2.12199579145933796e-314 2.12199579145933796e-314 2.12199579145933796e-314 0.00000000000000000e+00 1.06701809154487015e+00
custom
2.00000000000000011e-01 3.00000000000000000e+00
2.00000000000000011e-01 3.00000000000000000e+00
TASMANIAN SG end
