TASMANIAN SG 4.0
WARNING: do not edit this manually
localpolynomial
2 1 1 3
localp
1 2 25 0 0 0 1 0 2 0 3 0 4 0 5 0 6 0 7 0 8 1 0 1 1 1 2 1 3 1 4 2 0 2 1 2 2 2 3 2 4 3 0 3 1 3 2 4 0 4 1 4 2
1  -3.20876264153853072e+02 2.31250010243343240e+00 4.64475723355241144e+00 3.60891476993401739e-01 5.02427958620796744e+00 1.83159725048767541e-01 3.62250738406260098e-02 -2.59844870830136188e-01 4.99731458863209355e-01 -1.20218313237982102e+01 -4.31666417266535518e+00 2.22822190067726638e+01 2.77234339427877785e-01 3.14410327771280777e+02 2.42098933650513004e+01 -1.23226540323762492e+01 2.92021612746086987e+02 3.01310556276779778e+02 1.43308906212774133e+02 2.62927667047413024e+02 6.38053447522383976e+01 4.81736460314004376e+01 3.08771317471327393e+02 3.84882691375469221e+00 -1.50655563606595877e+02
0
0
1 0
0 4 5 6 8 10 10 10 10 10 13 14 15 15 15 18 19 20 20 20 22 22 22 24 24 24
9 14 1 2 3 4 5 6 7 8 19 10 11 12 13 22 15 16 17 18 20 21 23 24
1 25 1 -3.20876264153853072e+02 -3.18563764051419639e+02 -3.16231506920300660e+02 -3.19359122625642954e+02 -3.13529605950868927e+02 -3.18778283613482529e+02 -3.20081468315907387e+02 -3.17462779923191135e+02 -3.14380824976721556e+02 -3.32898095477651282e+02 -3.34902259547883205e+02 -3.05971119237326207e+02 -3.33262051696345964e+02 6.41320528200421721e-317 -2.96666370788801771e+02 -3.06676524718744588e+02 -8.09162373379606292e-07 6.41319342442871702e-317 6.41318156685321683e-317 -6.39595127683391667e+01 6.41316970927771664e-317 6.41315785170221645e-317 6.41314599412671626e-317 6.41313413655121607e-317 6.41312227897571588e-317
custom
2.00000000000000011e-01 3.00000000000000000e+00
2.00000000000000011e-01 3.00000000000000000e+00
TASMANIAN SG end
