TASMANIAN SG 4.0
WARNING: do not edit this manually
localpolynomial
2 1 1 3
localp
1 2 25 0 0 0 1 0 2 0 3 0 4 0 5 0 6 0 7 0 8 1 0 1 1 1 2 1 3 1 4 2 0 2 1 2 2 2 3 2 4 3 0 3 1 3 2 4 0 4 1 4 2
1  -4.65948202315447702e+02 5.86902918521508354e+00 9.44698678250551893e+00 1.74990634582172788e-01 1.38359888203635251e+01 8.40847272865516970e-02 1.78913996138021503e-02 -9.80972587864698653e-01 2.00300642065644752e+00 -3.28396708485487920e+01 -5.98718956985624118e+00 6.96799252567136023e+01 1.15361547179190893e-01 4.45388428324023437e+02 6.97381189880858301e+01 -3.07541467399096859e+01 3.86763096013207814e+02 4.08477651470126943e+02 1.84269053109141680e+02 4.18408524967016149e+02 6.10840783724190146e+01 1.96725633618436291e+01 4.31079142821404787e+02 9.50804418473978785e+00 -2.02828534789109426e+02
0
0
1 0
0 4 5 6 8 10 10 10 10 10 13 14 15 15 15 18 19 20 20 20 22 22 22 24 24 24
9 14 1 2 3 4 5 6 7 8 19 10 11 12 13 22 15 16 17 18 20 21 23 24
1 25 1 -4.65948202315447702e+02 -4.60079173130232618e+02 -4.56501215532942183e+02 -4.62838697088258016e+02 -4.47388720103831417e+02 -4.61374850381958765e+02 -4.64375558302239028e+02 -4.57649433797504230e+02 -4.49941961397730381e+02 -4.98787873163996494e+02 -4.98906033548637652e+02 -4.19660961124777373e+02 -4.98556601174555738e+02 6.41320528200421721e-317 -3.96210083327361872e+02 -4.21095200882056474e+02 -5.31648518696109619e-07 6.41319342442871702e-317 6.41318156685321683e-317 -6.39595127727059278e+01 6.41316970927771664e-317 6.41315785170221645e-317 6.41314599412671626e-317 6.41313413655121607e-317 6.41312227897571588e-317
custom
2.00000000000000011e-01 3.00000000000000000e+00
2.00000000000000011e-01 3.00000000000000000e+00
TASMANIAN SG end
