TASMANIAN SG 4.0
WARNING: do not edit this manually
localpolynomial
2 1 1 3
localp
1 2 25 0 0 0 1 0 2 0 3 0 4 0 5 0 6 0 7 0 8 1 0 1 1 1 2 1 3 1 4 2 0 2 1 2 2 2 3 2 4 3 0 3 1 3 2 4 0 4 1 4 2
1  -5.14532148352466265e+02 6.99732998472569534e+00 1.21887875714170377e+01 1.07461729878764345e-01 1.80508980520569935e+01 5.00389917169741238e-02 1.12177219237992176e-02 -1.44415517189383991e+00 2.99162076147479183e+00 -4.56684300841982349e+01 -6.44910941996840847e+00 9.60822143686827417e+01 6.42989132434195199e-02 4.88014179414557589e+02 9.25243779840629372e+01 -3.89363489594189218e+01 4.09818981988562257e+02 4.37869818125871177e+02 1.92952987536356716e+02 4.73406850626214577e+02 6.01867374936092574e+01 3.72961801259236836e+00 4.68269959360434768e+02 1.24708444949837940e+01 -2.16031260474153299e+02
0
0
1 0
0 4 5 6 8 10 10 10 10 10 13 14 15 15 15 18 19 20 20 20 22 22 22 24 24 24
9 14 1 2 3 4 5 6 7 8 19 10 11 12 13 22 15 16 17 18 20 21 23 24
1 25 1 -5.14532148352466265e+02 -5.07534818367740570e+02 -5.02343360781049228e+02 -5.10926021630224625e+02 -4.90386856514700753e+02 -5.09180381007265623e+02 -5.12717867269421617e+02 -5.03903657605477349e+02 -4.93373487886400198e+02 -5.60200578436664500e+02 -5.59652357871907270e+02 -4.51929576496564721e+02 -5.59754707511163701e+02 2.12199579145933796e-314 -4.22007770368403328e+02 -4.53946789343096555e+02 -8.08424048083233112e-07 2.12199579145933796e-314 2.12199579145933796e-314 -6.39595127683508053e+01 2.12199579145933796e-314 2.12199579145933796e-314 2.12199579145933796e-314 0.00000000000000000e+00 1.06701809154487015e+00
custom
2.00000000000000011e-01 3.00000000000000000e+00
2.00000000000000011e-01 3.00000000000000000e+00
TASMANIAN SG end
