TASMANIAN SG 4.0
WARNING: do not edit this manually
localpolynomial
2 1 1 3
localp
1 2 25 0 0 0 1 0 2 0 3 0 4 0 5 0 6 0 7 0 8 1 0 1 1 1 2 1 3 1 4 2 0 2 1 2 2 2 3 2 4 3 0 3 1 3 2 4 0 4 1 4 2
1  -2.41639145888297776e+02 2.52064723778573807e-01 2.82247204283009978e+00 4.58326338193415950e-01 2.10738860458181421e+00 2.37429278289198464e-01 4.59541938141114770e-02 -8.21777090427815438e-02 1.71512597653560306e-01 -5.32076277914362095e+00 -3.26900473532731439e+00 8.61958066089664499e+00 3.71343362286665979e-01 2.39131493710996210e+02 1.10754560426472324e+01 -5.42046562791367137e+00 2.27741217271172019e+02 2.32689563959524691e+02 1.13174456584067670e+02 1.80340014505163680e+02 6.53419504165910041e+01 5.68272503994274700e+01 2.36101417866974145e+02 2.45816809017827609e+00 -1.15626062586871228e+02
0
0
1 0
0 4 5 6 8 10 10 10 10 10 13 14 15 15 15 18 19 20 20 20 22 22 22 24 24 24
9 14 1 2 3 4 5 6 7 8 19 10 11 12 13 22 15 16 17 18 20 21 23 24
1 25 1 -2.41639145888297776e+02 -2.41387081164519202e+02 -2.38816673845467676e+02 -2.41054787188215073e+02 -2.38120521262300912e+02 -2.40983504898077939e+02 -2.41301012344442285e+02 -2.39962011284342111e+02 -2.38297084956230719e+02 -2.46959908667441397e+02 -2.49976848678990137e+02 -2.35517855963714652e+02 -2.47638708972735685e+02 2.12199579145933796e-314 -2.30563689845650543e+02 -2.35732090749785641e+02 -5.31648417955523787e-07 2.12199579145933796e-314 2.12199579145933796e-314 -6.39595127727059136e+01 2.12199579145933796e-314 2.12199579145933796e-314 2.12199579145933796e-314 0.00000000000000000e+00 1.06701809154487015e+00
custom
2.00000000000000011e-01 3.00000000000000000e+00
2.00000000000000011e-01 3.00000000000000000e+00
TASMANIAN SG end
