TASMANIAN SG 4.0
WARNING: do not edit this manually
localpolynomial
2 1 1 3
localp
1 2 27 0 0 0 1 0 2 0 3 0 4 0 5 0 6 0 7 0 8 1 0 1 1 1 2 1 3 1 4 2 0 2 1 2 2 2 3 2 4 3 0 3 1 3 2 4 0 4 1 4 2 5 0 6 0
1  -5.14532148352779473e+02 6.99732998257815098e+00 1.21887875713678113e+01 1.07461732255842435e-01 1.80508980583725247e+01 5.00389984522371378e-02 1.12177251870662076e-02 -1.44415518140021959e+00 2.99162075722472309e+00 -4.56684300826749450e+01 -6.44910940667386967e+00 9.60822143621135183e+01 6.42988996116855560e-02 4.88214179410341217e+02 9.25243779840137108e+01 -3.89363489602097275e+01 4.09818982797397950e+02 4.38069818125325753e+02 1.95952987126010328e+02 5.37366363394116888e+02 -7.72775279241159296e-01 -6.00298947524245250e+01 4.68269959360772646e+02 1.54708444975267412e+01 -2.14098278970066787e+02 2.81000289217727186e+02 2.58866074176389816e+02
0
0
1 0
0 4 5 6 8 10 10 10 10 10 13 14 15 15 15 18 19 20 20 20 24 24 24 26 26 26 26 26
9 14 1 2 3 4 5 6 7 8 19 10 11 12 13 22 15 16 17 18 25 26 20 21 23 24
1 27 1 -5.14532148352779473e+02 -5.07534818370201322e+02 -5.02343360781411661e+02 -5.10926021629234526e+02 -4.90386856508723042e+02 -5.09180381001265687e+02 -5.12717867265819905e+02 -5.03903657612151505e+02 -4.93373487887842657e+02 -5.60200578435454418e+02 -5.59652357859550079e+02 -4.51929576501973088e+02 -5.59754707515634777e+02 2.00000000000000178e-01 -4.22007770368765762e+02 -4.53946789346397338e+02 9.49124216064551664e-317 2.00000000000000178e-01 3.00000000000000000e+00 9.49123030307001645e-317 3.00000000000000000e+00 2.00000000000000178e-01 9.49121844549451626e-317 3.00000000000000000e+00 3.00000000000000000e+00 9.00000000000000133e-01 1.60000000000000009e+00
custom
2.00000000000000011e-01 3.00000000000000000e+00
2.00000000000000011e-01 3.00000000000000000e+00
TASMANIAN SG end
