TASMANIAN SG 4.0
WARNING: do not edit this manually
localpolynomial
2 1 1 3
localp
1 2 27 0 0 0 1 0 2 0 3 0 4 0 5 0 6 0 7 0 8 1 0 1 1 1 2 1 3 1 4 2 0 2 1 2 2 2 3 2 4 3 0 3 1 3 2 4 0 4 1 4 2 5 0 6 0
1  -5.68899317082785728e+02 8.29171617447605058e+00 1.84518340144559261e+01 1.46488454554400960e-02 2.43278966749164738e+01 6.23715715300932061e-03 1.69141189121546631e-03 -2.43392004306053877e+00 4.95669410707967018e+00 -7.84204800220486504e+01 -6.85120154303547224e+00 1.46931501627977127e+02 6.30027556547929635e-03 5.40300232608701435e+02 1.24433963483940431e+02 -5.05328205450468317e+01 4.26013518702333442e+02 4.65571256938675276e+02 1.97904780565534168e+02 5.44150044326600664e+02 5.90933973642511319e+01 -2.79580720612350433e+01 5.06682335340815484e+02 1.69746940980473937e+01 -2.31458593365622619e+02 3.55639654936021884e+02 3.16429414924997559e+02
0
0
1 0
0 4 5 6 8 10 10 10 10 10 13 14 15 15 15 18 19 20 20 20 24 24 24 26 26 26 26 26
9 14 1 2 3 4 5 6 7 8 19 10 11 12 13 22 15 16 17 18 25 26 20 21 23 24
1 27 1 -5.68899317082785728e+02 -5.60607600908309678e+02 -5.50447483068329802e+02 -5.64738810150092263e+02 -5.35345503400641292e+02 -5.62666968372047904e+02 -5.66817372204547837e+02 -5.54556330284774049e+02 -5.37939799127405877e+02 -6.47319797104834379e+02 -6.45879282473393801e+02 -4.81936461462401326e+02 -6.46578590668093170e+02 1.90086698005206194e-316 -4.44465353598845297e+02 -4.86706457969416078e+02 -8.82055935352862302e-07 1.90086579429451192e-316 1.90086460853696190e-316 -6.39595127672094108e+01 1.90086342277941188e-316 1.90086223702186186e-316 1.90086105126431184e-316 1.90085986550676182e-316 1.90085867974921180e-316 1.90085749399166178e-316 1.90085630823411176e-316
custom
2.00000000000000011e-01 3.00000000000000000e+00
2.00000000000000011e-01 3.00000000000000000e+00
TASMANIAN SG end
