TASMANIAN SG 4.0
WARNING: do not edit this manually
localpolynomial
2 1 1 3
localp
1 2 25 0 0 0 1 0 2 0 3 0 4 0 5 0 6 0 7 0 8 1 0 1 1 1 2 1 3 1 4 2 0 2 1 2 2 2 3 2 4 3 0 3 1 3 2 4 0 4 1 4 2
1  -4.31495324849552730e+02 5.00651851566721007e+00 7.92885208891709681e+00 2.22980139850847081e-01 1.11507360691553572e+01 1.08998728379788190e-01 2.26116676253127480e-02 -7.30568372434049706e-01 1.46834358436285584e+00 -2.44358748069935245e+01 -5.60493484408533504e+00 5.42884097795902107e+01 1.54521782302339261e-01 4.13671832653137244e+02 5.72795337735005887e+01 -2.53741870289114786e+01 3.66286938489483930e+02 3.84176645192823401e+02 1.75957159717696271e+02 3.79753749479809699e+02 6.17554616796152231e+01 2.88864557945275919e+01 4.02855557962802436e+02 7.68057499878852923e+00 -1.91072321333659062e+02
0
0
1 0
0 4 5 6 8 10 10 10 10 10 13 14 15 15 15 18 19 20 20 20 22 22 22 24 24 24
9 14 1 2 3 4 5 6 7 8 19 10 11 12 13 22 15 16 17 18 20 21 23 24
1 25 1 -4.31495324849552730e+02 -4.26488806333885520e+02 -4.23566472760635634e+02 -4.28769085451868307e+02 -4.16380162735938825e+02 -4.27519947164497125e+02 -4.30109593483085177e+02 -4.24668312165179827e+02 -4.18504974163924430e+02 -4.55931199656546255e+02 -4.56529615984964380e+02 -3.93713937788038947e+02 -4.55852905898602160e+02 6.41320528200421721e-317 -3.74215791076052142e+02 -3.94583459589296410e+02 -4.97651090029666425e-07 6.41319342442871702e-317 6.41318156685321683e-317 -6.39595127732398012e+01 6.41316970927771664e-317 6.41315785170221645e-317 6.41314599412671626e-317 6.41313413655121607e-317 6.41312227897571588e-317
custom
2.00000000000000011e-01 3.00000000000000000e+00
2.00000000000000011e-01 3.00000000000000000e+00
TASMANIAN SG end
