TASMANIAN SG 4.0
WARNING: do not edit this manually
localpolynomial
2 1 1 3
localp
1 2 25 0 0 0 1 0 2 0 3 0 4 0 5 0 6 0 7 0 8 1 0 1 1 1 2 1 3 1 4 2 0 2 1 2 2 2 3 2 4 3 0 3 1 3 2 4 0 4 1 4 2
1  -2.41639145893742807e+02 2.52064729486221495e-01 2.82247204822976983e+00 4.58326342538470044e-01 2.10738860959651220e+00 2.37429282556547605e-01 4.59541985630949057e-02 -8.21777050012997279e-02 1.71512596589224131e-01 -5.32076277343597326e+00 -3.26900473734247043e+00 8.61958065517376326e+00 3.71343355231516625e-01 2.39131493705880501e+02 1.10754560480469024e+01 -5.42046563964177608e+00 2.27741217316206189e+02 2.32689563958235198e+02 1.13174456553881413e+02 1.80340014506963314e+02 6.53419504126824791e+01 5.68272503976808139e+01 2.36101417869719342e+02 2.45816809033465233e+00 -1.15626062614787983e+02
0
0
1 0
0 4 5 6 8 10 10 10 10 10 13 14 15 15 15 18 19 20 20 20 22 22 22 24 24 24
9 14 1 2 3 4 5 6 7 8 19 10 11 12 13 22 15 16 17 18 20 21 23 24
1 25 1 -2.41639145893742807e+02 -2.41387081164256585e+02 -2.38816673845513037e+02 -2.41054787186461226e+02 -2.38120521260031410e+02 -2.40983504892802358e+02 -2.41301012341538950e+02 -2.39962011281888408e+02 -2.38297084956182999e+02 -2.46959908667178780e+02 -2.49976848675035029e+02 -2.35517855963775247e+02 -2.47638708973336918e+02 2.12199579145933796e-314 -2.30563689845695905e+02 -2.35732090755851459e+02 -4.81259953525826458e-07 2.12199579145933796e-314 2.12199579145933796e-314 -6.39595127734974653e+01 2.12199579145933796e-314 2.12199579145933796e-314 2.12199579145933796e-314 0.00000000000000000e+00 1.06701809154487015e+00
custom
2.00000000000000011e-01 3.00000000000000000e+00
2.00000000000000011e-01 3.00000000000000000e+00
TASMANIAN SG end
