TASMANIAN SG 4.0
WARNING: do not edit this manually
localpolynomial
2 1 1 3
localp
1 2 25 0 0 0 1 0 2 0 3 0 4 0 5 0 6 0 7 0 8 1 0 1 1 1 2 1 3 1 4 2 0 2 1 2 2 2 3 2 4 3 0 3 1 3 2 4 0 4 1 4 2
1  -4.55114025461043070e+02 5.56159553115708150e+00 9.06016604719957286e+00 1.89742666714153074e-01 1.30528434358322443e+01 9.20912688943076319e-02 1.93121719823352578e-02 -9.21147145734437345e-01 1.87681322469796896e+00 -2.95244957176654452e+01 -5.83773345254030573e+00 6.56234969501360865e+01 1.29353791034702681e-01 4.34243846244208441e+02 6.75837843761623844e+01 -2.90912251594774602e+01 3.78470074228520218e+02 3.99105313232326694e+02 1.80712277511188546e+02 4.05916760551536640e+02 6.13167839634522238e+01 2.20875982460715363e+01 4.21322133272961878e+02 8.98401704858167705e+00 -1.98295203161459654e+02
0
0
1 0
0 4 5 6 8 10 10 10 10 10 13 14 15 15 15 18 19 20 20 20 22 22 22 24 24 24
9 14 1 2 3 4 5 6 7 8 19 10 11 12 13 22 15 16 17 18 20 21 23 24
1 25 1 -4.55114025461043070e+02 -4.49552429929885989e+02 -4.46053859413843497e+02 -4.52143485028750376e+02 -4.37531099001611040e+02 -4.50755866210423903e+02 -4.53609443072914416e+02 -4.47243709377061464e+02 -4.39915665983029271e+02 -4.84638521178708515e+02 -4.84914659100091740e+02 -4.09954858181372856e+02 -4.84457493681651272e+02 1.90086698005206194e-316 -3.87530241084880686e+02 -4.11059870713201065e+02 -8.09160906033183553e-07 1.90086579429451192e-316 1.90086460853696190e-316 -6.39595127683391667e+01 1.90086342277941188e-316 1.90086223702186186e-316 1.90086105126431184e-316 1.90085986550676182e-316 1.90085867974921180e-316
custom
2.00000000000000011e-01 3.00000000000000000e+00
2.00000000000000011e-01 3.00000000000000000e+00
TASMANIAN SG end
